3179375412126238
99885672009
75615339494
99592663631
1596109205279191
64710119001
108796370786
96551087602
461423528393187
100267958672
75406290483
1851232015096888
70829932840
3504868637280036
110736460231
3821545182734781
2273444570609982
1420176269781032
52590397297
71584849717
85508717453
59611157920
62556184957
60839852138
99588156802
100055257101
95344114756
1481787285178206
1859984293630939
93589839398
461423528393187
59619736004
241503011092443
58870645485
83163486623229
96202660605
51782699001
109714809601
54278629747
391056182217870
3821554081211124
52523497992
3100243974967451
96501928655
96501928655
2317372232043384
681312815155678
1552134045719031
54251825472
104728911424
118360737320046
102656931729
1200308555618859
61854287150
102269977857
104804634394
3583997620807358
97301543384
55979450230
75390860318
3566413459242771
2554894668282711
364662159063918
2044711050153203
4322890531483838
1824794872649709
435007205946510
95767306217
4050221001346440
101982861080
102636335609
102636335609
102636335609
707722543379646
62496798488
68206739658
86409921589
94606781039
60589272995
71160988956
102929595407
88157229883
59236021525
60525484333
59470440973
79772807177
93427976162
75749207082
104040988760
2678066511616012
2678066511616012
102655066525
62068491120
4006212752122203
106025571274
110521337126
102393310351
822037092500759
100372715526
102783552775
1569721315243547
101394667875
1050739299070439
69499864736
1543322682013037
83005693451
83005693451
707733876653236
3117867995510366
103429813472
98944355483
106095217290
96095534565
60525484333
58274894115
4146950346389547
102655066525
95547393743
2818777842200891
96826023967
96826023967
76424204707
3258599150468023
59400721675
59136889387
94196387267
79772807177
65741145460
57524413635
104783830347
57833035660
57833035660
76938744118
85614587775
109407051856
2933113853051191
71041061612
20230866371
461423528393187
68099215018
109562654777
108185803979
103822293743
64063588899
2071068154799059
83166994637709
87035497119
104477515652
84931730372
106577101519
3909516063159645
4472436587235373
62019499885
4164573234208071
80067795797
1692866956507099
63470445021
77267169789
1833626497985796
100131181095
71709751056
100372727129
4146950346389547
91667611323
102636335609
103455804995
103455804995
610919920968237
102068357290
74580815885
59014510064
3487269306251707
60858284226
1824804812888679
470196516825351
962806667806413
94793587243
88104951552
22768209374
95986186640
3179405324593047
86069002563
3267349505644892
101031799617
1833604183753693
14510610119
3073830189799643
2308616219801432
77374802853
1851232015096888
106353395547
23666405266
8297437572
106275915625
109281536937
75370233711
104024734038
100697814063
83786015662
1041963870850596
73681434975
2440520725432301
2273444570609982
945199319359779
75374262482
945179235193260
60906658507
104253835871
104535419914
99832387613
70818219258
68418403177
2897910807665083
64593084931
104487902501
103612159755
58417822128
93126187430
1824804812888679
84685769451
50034200196
106804992609
64369587598
72661384030
1297017945466284
2255844289027980
3073829489095980
4296541682795691
75093312848
105174699533
59600790156
104666690583
111088542753
2176632490041709
2475700783677751
391055136001947
4076603528191547
100692895434
109313012991
698915109999368
94793587243
54559165169
74487915658
58781612611
74110705871
95932755832
95932755832
95932755832
78754638290
97867615298
96826063380
2695657040126972
479041869856301
103558732328
103558732328
1596091828798286
1596091828798286
107949630186
58801102770
3742327650132275
93683251184
110688143251
110623470625
2396570355514387
110475794195
106813259819
61086888485
3487277309757668
1745660448085875
62184780422
101280496904
102861787884
107743056849
206300930381939
1121106065107259
778076511281438
338275717887534
64322431843
3698382536443556
3487280312105368
21380705461
63682039352
619759962172189
9169103388
109543026971
54172329120
100478423299
106768784898
3601589731331012
99433855415
54639893023
111611737134
82123556339
104182020737
104977348209
52556294966
52556294966
52556294966
3205798937243812
55979450230
102634454531
60228094833
60228094833
53369131000
66577213984
102577510729
66408364402
105991315512
97723183514
59504328225
4305297021080579
206300930381939
105381256587
102866849191
93055224709
88333521773
59522561409
93134130857
52305452936
67192897058
109013163187
98934811070
71237070540
3179410675213259
2739599153042107
102179344115
81793710243
81793710243
75824789004
55519728154
102511645055
4492834863
102659207114
102659207114
102659207114
1059566009463320
81333647436
1059566009463320
1059566009463320
2484547142551564
2484547142551564
3575267694480974
70836636293
104161579092
857249372202020
69613490680
104645542169
100232832405
72118075689
108656248227
110119407879
98699249091
54906798506
54906798506
73220600370
61525688535
66811291274
99110072183
96237199469
102130342429
89029349401
111402636175
83583657300
3038643325501992
97270943653
60279307405
60331148245
59611157920
96501928655
58936132667
97270943653
52471864095
52471864095
95488345116
101296128771
106391690323
58893532218
83357987291
22768209374
22768209374
61493635565
81933945951
58892829893
1516972701915476
93153730333
67561261536
102571373470
102571373470
60193000284
97972920184
97972920184
75467818198
109108481891
110265088416
58651677044
61415259662
67362538084
98965397134
101797800752
1129927832245757
85614587775
2607691214895611
99740735126
1604929705478780
58574818593
373481706101223
61241763798
1226681690366984
399839057163596
61005084156
107969468449
61127865740
2616447793629827
52464993381
105441486812
71913929591
63475971778
4032633684103012
4023825169658476
107751748939
4023825169658476
59538022133
59538022133
58062943442
54280942465
62849982187
50330727516
94414812878
100446245676
96049522643
58516334061
61190402570
60704844848
101891972800
95378569762
109667275850
99311011936
99311011936
93194308494
3109021630075707
96926963506
96926963506
102222704740
111424174425
59336574972
1560924348759191
108311557947
106814444974
73893416582
102655708909
62087271654
60451067573
79772807177
79772807177
79772807177
79772807177
93350075505
1754420891096797
1578493251164669
102076045148
2229397833910315
101755792425
72645512695
102805929959
3258591021906875
72480084939
87894201648
63470445021
63470445021
105134882568
61738533254
61738533254
1305869010348700
95488345116
109494446111
101072146724
1666448256671620
3918288971895011
105000804292
93661636185
108307281264
79968482801
92628529822
93115124802
95035620452
479010523449660
92963656273
101620581326
105768347558
63595365796
68304013512
63557049741
1692866956507099
61360776362
61360776362
61360776362
57524413635
4041400115019651
62468886683
61235493008
105346235690
2519733264983662
57885046483
61275528964
59205618343
84754212156
95436620600
97723183514
84328499212
84328499212
4067820608167972
67476845362
95617266032
105009379464
100057983844
57851271161
105262120232
97351543188
102636335609
102636335609
102636335609
99665576303
99665576303
3091449228822619
61332768080
62574470075
97189077032
89877855591
57607508637
1728088177129764
104682686482
84336586675
67293654399
60612082931
830864726436535
294273295581735
2950693979426099
98495270578
105824030471
830859101343531
99311089222
68508423958
3944684133298012
338280626009879
338280626009879
106917861718
111552207607
105236243171
59243290950
58881153813
3531231900477899
68829699383
102577307097
102577307097
94244050921
109402125224
95480188265
99037411702
61829535352
86160063364
60817921513
60617373819
79135969210
4366901703350356
70357989496
108010426243
103395160116
89852523288
109639635068
104876420344
109639635068
103933847846
1209086145484637
58929408076
4058997663469780
206336789068749
62546305642
102661987826
2308594462896270
102661987826
67526692987
105664464990
98489472784
71912868448
1006772744099149
2625290057812589
104064046248
104064046248
82398999697
111421296975
61626473408
2607675155423288
99260835874
96833063482
2326200557505672
60655602362
89923470088
89923470088
64402893651
95742923227
60579555802
101884229966
59753132229
106125321707
108160275070
104910554284
2167866261767396
2167866261767396
76701383307
61565188473
55760493155
62241304201
62241304201
54920362003
4067831295254551
100950816819
4366898813218307
108065217731
78763076237
4094212324209662
93586147420
93586147420
127198809564395
2018305653869565
1543302313680635
52261440678
1851232015096888
80712240296
69948471553
82053469716
3154024262
70246620492
3179416891700171
3073862791072676
100591839369
61892516874
61022309461
61022309461
62297576606
76059227696
4305301561681992
92964150986
3557666216485229
59631047999
62474953143
1305865334032740
1701646115028535
109723023446
470180566937236
80357587232
66475133783
71113718563
14510610119
73152635332
104697185048
2044724628691709
83964575017
98648571656
105563578958
106097527823
103612159755
62594354928
102277184544
84494473311
103616059360
110477556879
58546460081
3364148736957479
96838367775
3742327650132275
103000189129
2484537622009581
75477742342
93114669242
672532158232888
3021058488149204
87035497119
77412891214
1833626497985796
989185132727251
989185132727251
58544361854
99213404328
59400721675
101129687288
111643569192
98187566200
619751797425799
98187566200
58483813254
54865086402
100097271025
97125778416
60839852138
3927082710338407
3927082710338407
93907848898
111629191939
106916596081
93661636185
111404352425
94078135750
2343801518304232
60361849590
85915874836
1015553934504084
111332132419
74487915658
3135457040009133
108784137273
61183359760
82123556339
593333614026216
93189025747
58679855442
58054130027
56715163875
99704773009
58634359034
505379953586355
102636335609
62496798488
62496798488
76424204707
95767306217
61852990100
67683083645
72626469243
109433588365
93492141468
3795133849415067
108977732486
95932755832
75615339494
84494473311
106095217290
100849297810
3012312720220237
97965778522
62206538547
111474313693
62954369725
94382353707
88814318008
3346551288633860
118360737320046
111271427520
110670831978
945170761391507
118341766223480
104804634394
1508140164062846
57614530374
103899230334
60636423637
4076592639251684
66872250871
96501928655
95822221140
111016830050
88128383705
2106275928217438
98416564120
59236021525
94244050921
68394617839
95763480803
866039565124157
2563649332848044
72818660732
72818660732
3029875630542632
55787733891
52305452936
1006792485387559
3258599150468023
101797800752
4015035805349047
100370421614
52636163760
61626473408
461423528393187
50463162969
72688584721
94244050921
68183963132
59400721675
58607462923
2695640035623076
64402893651
4437249160645387
104599996887
3179405324593047
3179405324593047
102831029400
102655066525
54943737439
106640863318
92176035368
3284958644548142
76620644411
99665576303
65202586874
101258806166
82616672409
3654374761697630
54278629747
58554975392
75520164864
86681800528
105576358268
100363194151
55785039275
76480271638
84805385742
88036727822
71582055431
681297182466126
1569721315243547
3865504681560147
58582668618
63583881528
67956606269
1516970967839115
3707171481335747
64063588899
111336266640
22768209374
52844727471
101296128771
1209073209713101
98800531285
55787733891
1692866956507099
4138216363145275
73978701910
1868805494542659
3021052912617140
103245549485
4472436587235373
101040698460
77100967507
80357587232
62556184957
58876121118
69224319664
101850578734
3513628032509133
1050739299070439
102972659752
69499864736
55530048745
1851205133806947
105149774291
94271185161
59192740882
1534562794474763
3091435810991320
78011027070
3575256464764942
1675299938375723
100164554622
2370142475922947
3944684133298012
83268382282
707722543379646
93913678603
66006188902
102222704740
60282990510
111424174425
111424174425
77711661532
110998031494
88872417054
95378569762
4111770547920347
109667275850
109667275850
59120310131
99311011936
96801422535
69613490680
65303531659
2159064395028829
103237798969
54119936425
89835017856
1147534710421667
87269012777
79135969210
107743056849
144763878653084
84242984982
103237798969
61123677442
2554894668282711
102488873481
83337580201
62653154341
59698061638
102577307097
102577307097
102577307097
1402582377957076
96248873533
8031216229
101529858482
215158729215763
101408341179
100478423299
106124342748
106124342748
65650647177
55345233928
66480527752
60539559946
102661987826
3496062204263240
73776040282
1103533243370475
105381256587
105381256587
2159037889388324
93055224709
3214604078418299
64104992627
96119954998
106093873921
61936357840
67561261536
67561261536
102571373470
89852104754
69460950608
71893114419
3399326440111532
97259499971
84336586675
84336586675
84336586675
58997543807
4208569717888188
338280626009879
98275135193
89877855591
89877855591
57607508637
62461441049
86922382017
97867615298
101903218494
3601589731331012
98699249091
59301343543
100700500107
100700500107
58627640290
101595520161
70944924590
1965533093182712
104771703657
62858477362
96573233062
62692624087
4261333227024824
4331710835071127
104781248151
67293654399
67293654399
107775889633
443822858319924
59405960415
62468886683
62468886683
84931730372
103162314441
92543763379
57347309059
62574470075
62456591021
62456591021
102511645055
74653822108
94193823246
94315761883
22768209374
65947545802
1411423870915982
65226874426
94106225389
106103804005
68818210328
67476845362
109276140129
91657875889
91657875889
102659207114
102659207114
102659207114
1059566009463320
1059566009463320
1059566009463320
2484547142551564
2484547142551564
91931984198
57524413635
57524413635
57524413635
1297017945466284
106056671938
108614741306
75776777832
63165769102
3821556534086760
68793469235
68793469235
52471864095
3513664107190104
63047298307
63047298307
69132220176
96031960153
60483067677
60483067677
92454600434
57993833606
104645542169
104645542169
104645542169
2458118875263688
99054322224
4296537372891988
4296537372891988
71496595958
101940273981
103999858587
102634454531
53369131000
62100530690
62100530690
1983133319703324
3038645145311437
62966418212
66577213984
66577213984
60750392028
100057983844
1587314341196899
97823402354
59611157920
61474947400
96501928655
58936132667
107931971015
87060058292
21626350482492
21626350482492
100282363902
73464713895
99584499779
105536726159
2906756216269851
76010242520
81793710243
3689571198700715
3689571198700715
58905739697
98886159821
4173399860453207
110306057510
61275528964
72566700480
57885046483
50463162969
101022202742
59205618343
101900540213
58734825979
57833035660
57833035660
109721206337
109763092775
63675145400
760497065441243
75615339494
61923224897
80579189991
80579189991
66186899560
1244240774957864
54251825472
104477515652
1121103184930343
1121103184930343
98699249091
1121106065107259
107955405820
2062329688631572
99141890509
1121103184930343
99141890509
107743056849
92500348946
10280232770
111495551255
111495551255
1745660448085875
2396570355514387
109821103965
102861787884
97970254508
107743056849
23196164733
72030288225
61135187832
60768837097
102636335609
102636335609
103356651109
101189112496
88612128188
962765614225678
2326191667161595
3601622718751459
60003843504
101963577425
96237199469
1077154987384108
109825474494
2915508355346542
84387694475
285515769723667
67422894024
101383887890
106072449839
1868805494542659
1868805494542659
63475971778
111531631655
111531631655
68072752582
107751748939
59538022133
107751748939
59538022133
96396015776
470200864222219
106001773091
79772807177
94181398880
58651677044
22876247389
58516334061
1129927832245757
1129927832245757
72510552987
72510552987
80974830318
4076586167975480
104749324811
99638772747
99638772747
61087009174
66684157894
2255824654435667
58680072067
62201981038
63902021761
103218601379
3953435213047869
417410374439501
329473528445620
69948471553
3364148736957479
70412434065
102620499997
102620499997
110063900074
105975830223
1472970293521742
83867666003
87159186159
55651842931
70172842768
92975734275
1824795973129703
98006573801
110015378154
59013351126
2229397833910315
95447436188
95447436188
87868466791
50051173496
92440704622
2299770866768471
71191386666
96023063932
55071566801
103612159755
72480084939
72480084939
426246558462711
102659915453
61738533254
83150231873
106387174770
1991965532764515
102903906375
106176149972
98473514242
98473514242
62241304201
4067831295254551
2748398537549180
4067831295254551
4067831295254551
101611626319
100950816819
4067831295254551
1842383299296471
62651536819
901229479736036
3179400533386636
3179400533386636
111522809174
111522809174
2625290057812589
2625290057812589
2449361020398487
67892428406
67892428406
285511626014199
127198809564395
81939158402
1824819946195915
99636153473
101572459242
2167866261767396
104656167598
61565833606
99720064740
99260835874
104650854062
68426451795
69970607492
707715471772523
91712027184
104064046248
100344747322
100344747322
3021093936042302
2563669827009367
105329887107
109700076506
61515306812
100960011952
105143767738
106214541291
52091293595
2141467768005211
2440510771042776
4454864329645112
188730415264104
4261327131123982
654939593377438
338280626009879
50000851943
2071068154799059
84693632291
88266007883
97227664973
93763081366
105019439626
4111799849327895
2053504594362091
100697814063
111579741120
3029875630542632
3865470825405789
103245549485
62905899407
101893014341
64321116955
65631747445
52858428220
62297576606
59716752892
68183963132
68609151257
2853952962167796
101296128771
111528046239
111606392207
1710493245384077
3258590249358443
99311344429
98523045105
94180888813
4270091809333496
83786015662
2941947517605708
63435622254
78355412395
3364148736957479
72703012211
95327678426
97261479696
2273443543255096
70367893673
1666448256671620
100849297810
103711935734
2510891639643620
707715471772523
83786015662
96802011590
338305093746404
94338832959
67579558320
1261847492175815
54976335255
101697534791
95053098715
514222710864628
102156177700
2044724628691709
72453760802
3504868637280036
93907848898
105984963989
60839852138
59611157920
3117851468379411
77712132159
989185132727251
989185132727251
51044231889
3927082710338407
110871284996
85508717453
102224270973
67878743102
1147542575266139
99070823079
96447189642
111412067365
74390844487223
99333483750
1041958898509811
97843621277
461423528393187
461423528393187
103574237842
71487690524
2132681624659799
92044390759
70963819888
53508804119
3276163969468631
92499915478
71024222841
3821526187255971
99832387613
68072752582
87354476820
59650036813
87789670441
110211733200
73445055896
2273444570609982
83156667206596
101304935448
73681434975
95932755832
95932755832
60096407384
64014315224
64014315224
60935991151
75615339494
75615339494
3821545182734781
80067795797
59400721675
1692892382901960
1121106065107259
73152635332
98607561607
73315244703
96501928655
52370993685
690125444228414
95822221140
4375658008949431
104704468045
59426898565
84721261252
945170761391507
118341766223480
110670831978
58634359034
1200308555618859
102656931729
1261834242892078
2185473238776423
103442726623
3021075602737581
4173399860453207
106416433827
104486992979
1253063101525883
2546079810469656
110312404395
111579741120
110077651488
99433855415
80357587232
80357587232
106210259017
100697814063
110214333378
101779705764
98478540277
2088703995154904
2308608999557799
99665576303
103830352851
104728911424
97997236980
85682025445
105227772391
94508972589
103708045320
94414812878
3944672503277204
64542961531
4164573234208071
111624717483
62019499885
62019499885
109861153461
109861153461
57607108914
66324369307
94053489010
681297182466126
1842383275962923
3557653924293688
4076600079155811
4076600079155811
2818773303966844
107703302155
111088542753
96068809714
54979704886
3592830636276587
4393271706529091
100059889603
68099215018
60450884382
78228273522
97633566192
82323507673
106160341209
95644159183
1684042266190429
96698670855
62819598831
109777130742
100724568595
110275455509
70564722137
2853959835060851
60520525136
101982861080
59054327754
85616683987
4490052779389085
3179405324593047
58936132667
58781612611
1587319798250259
91636002370
64797556961
109910690010
101535975693
82440047462
3821554081211124
4058997663469780
602186807514420
104423231197
63470445021
96826023967
76424204707
2818777842200891
76424204707
1789610818016948
98800531285
76424204707
79772807177
102187571750
101982861080
99311011936
103618521653
2678066511616012
76424204707
99021385330
70808046388
62556184957
60788475841
105792541276
2405332897238173
101969930026
3241011473812397
3056267038833283
4164573234208071
110815209007
70829932840
628542135338387
98478540277
83786015662
75749207082
98689904297
619759962172189
4006223466734251
690112448954739
111475751451
110442325525
54196161463
4120599676855068
103505145078
338280626009879
102352340549
105058236252
96346418300
95706780068
95706780068
619759962172189
391056182217870
57898643499
109642315204
96562198208
106814444974
109178348574
106005163185
106005163185
92548296527
59118608713
59118608713
87450546180
593367299524279
63470445021
105693788485
57836738284
57607108914
62170490165
52214518787
58613260305
4454853227062440
69116571199
3909508291109032
62201981038
104940819540
4296537372891988
4296537372891988
11605447476
66628938875
81411314925
104504898935
52471864095
63259638916
105325752570
106393911206
111468182397
67561261536
69460950608
4498813529893779
104423231197
102648806253
102308820739
102308820739
4437251950906324
2326191667161595
105516809810
102659207114
103394904470
86775517836
725299924315660
60500012483
4208569717888188
78926598616
61741593014
22768209374
4287700184606840
50330727516
50330727516
2299770866768471
1930371034002508
72480084939
3900664305688935
87727434449
87727434449
68217215921
68072752582
109588575019
98944355483
105636480961
99621090391
4234920182419899
98495270578
4217341986475652
59784176751
3346533096895484
98397562593
87389911655
100842093239
97882171875
106768784898
61923224897
99110072183
97970254508
106082771817
110822749768
107921394922
58734825979
57833035660
57833035660
285515769723667
2959535605813863
62788230915
104805138251
66433202399
144773264454923
96237199469
3909483131836299
110356418430
75615339494
75615339494
104941866460
60947251459
76766638147
92628529822
64980290723
96049522643
4472436587235373
2651623006410472
62738952215
108319056992
53920417860
102577307097
3012282617693203
3302527888006996
83937474719
1129927832245757
85614587775
84949220399
417410374439501
88014069621
96167685595
2994704593979796
391055136001947
105143767738
89852523288
103694138786
109633975369
276693856559975
62546305642
109108481891
1736829316380595
58651677044
3232162327836051
99388372630
57636303741
106530967108
106530967108
63557049741
96573233062
102292978727
97259499971
84336586675
73315244703
55009824125
109257911480
725299924315660
725299924315660
3249746376407619
58590836959
60511103028
67725586115
53488502904
57607508637
57607508637
60483067677
60483067677
60483067677
60483067677
2651623006410472
105305522317
106323811121
92454600434
58995147498
2308599824794813
94196387267
73175967624
11333655062
58495422709
63165769102
95418380946
338280626009879
338280626009879
927603300253335
53369131000
62100530690
62100530690
62100530690
2809964695923256
2906755129676199
2906755129676199
103883943715
82480311983
3100250037814567
68340639844
59574123205
72203087986
51981611902
58749914571
3795112836479532
98704396690
102222704740
102222704740
980379058571603
107743056849
92629886798
72051219546
3460857181505219
59054327754
107969468449
67468400643
59756036199
83802847932
3082670275832412
111424174425
57702635687
90125516047
97843621277
79158843120
99689817349
95879187718
105179092017
59522561409
101314602555
105381256587
105381256587
77884656130
8554158834
3223414730924573
80611165938
52844727471
3284958644548142
101595520161
435010827203812
99586325306
215147790736924
1253068084881460
110119407879
70274958656
101182002691
2484547142551564
53572540193
96501928655
96501928655
3601592870765559
93558725980
102636335609
101189112496
105133971447
89323780880
108431829391
100282363902
76472461720
100282363902
108942227245
60331148245
83583657300
89323780880
67293654399
67293654399
67293654399
21426295749
67293654399
55979450230
1560916425968446
92628529822
92628529822
100478423299
84494473311
206300930381939
96772914249
4015041983289304
95342627380
23196164733
84276411433
3522486150892708
79772807177
93069201719
102744294192
104216786117
62737353492
73712010674
108224693597
101562160976
111643569192
52091293595
92475785926
1288283912148430
93245911153
2607691214895611
58622522882
109789560713
102620499997
102620499997
66377064892
69746644058
69746644058
106201304739
3988623424763806
80364462611
1015570548399991
52464993381
59245778093
109667275850
109667275850
58500532532
108477948641
104645542169
104645542169
104645542169
104645542169
4410865654435972
96092971703
96092971703
1798439596996532
1904001597318635
101969930026
101969930026
59081696834
71465899003
2405341248096727
100677191671
725313648598183
3610435394477476
100719765589
52617218702
73776040282
206300930381939
101553909854
104849537552
89847027790
58812315996
103282026923
81793710243
61054274264
58800348561
61461187305
66433202399
105016430366
57885046483
59150254410
57885046483
101441411841
54920362003
62241304201
4067831295254551
4067831295254551
4067831295254551
2625290057812589
2625290057812589
4490034177382763
95468426828
101992959209
2449361020398487
98473514242
24883947010
3249748833738547
83307044560
100146835325
91712027184
89923470088
60655602362
60655602362
60655602362
89923470088
4358091355719086
96840121160
76701383307
69970607492
2370139483275268
69970607492
707715471772523
2607675155423288
91712027184
53304917615
92705123218
92705123218
96352739027
96008052602
61565833606
3689575437054808
83886048467
3962262499630062
96833063482
101911675918
101911675918
104722048987
1288283912148430
127198809564395
127198809564395
63449384530
408642393474263
