103609776630
3188224461912029
1552159233541683
55019809862
76059227696
2853977531627118
2317374387391966
1833626497985796
101125449771
59400721675
93907848898
60839852138
68072752582
75118581954
58870645485
100693793576
2748409145732395
101954273793
99821730095
103485731076
106117529975
87035497119
96818771115
67713618433
96501928655
4076592639251684
3284958644548142
106637223111
94518243879
2053488054907213
101410881423
101410881423
3328972857809912
97301543384
241505651658526
88128383705
55147842538
103899230334
109090640891
86409921589
69436265853
102636335609
71912868448
71912868448
71912868448
69436265853
1895154497100621
76059227696
76059227696
74983749346
83634441085
110782366150
70798136469
102656931729
59611157920
60477202318
62184780422
102655066525
61845633299
3557653924293688
54831232798
104988284899
60967867473
79382743684
3628029842831630
70514100393
681297182466126
3241012190788839
102972659752
56612823293
79772807177
92454600434
60039234464
109861153461
69613490680
57833035660
55678792601
103429813472
2634060131206205
109488203448
91497611370
62784326944
74658338695
1041963870850596
80357587232
3258577974199028
95240747032
1666459220847628
95547393743
58680072067
76424204707
96826023967
1059585005468328
487780296956908
73269712140
54772320785
94817818018
59236021525
3592830636276587
96090491637
71041061612
62668588590
105032871085
1745655498811614
63638248793
144780358593403
4138204249719742
64515887572
64515887572
646113177378316
104106507019
95932755832
3328972857809912
97261479696
104140313863
110217857402
77687103159
106709562837
76059227696
80744790011
106416433827
84693632291
110815209007
110815209007
109410209246
72101052397
98093125399
4164573234208071
2308611851423614
52305452936
58590836959
103017549932
55019809862
103658032782
97626487717
716476862184996
61282022803
62100530690
62100530690
1991965532764515
100059406834
108164254296
839633231417963
3487269306251707
57082449870
54172329120
55071566801
55071566801
100344747322
103152208006
2159049212958644
111181412838
1534562794474763
417411579519741
79321223560
104324869938
3109013796163325
14510610119
1569753113562667
1569753113562667
102062016570
566995773818103
3883077778014509
111628666343
100344747322
1631272650673220
918846131148820
83786015662
108664817050
2572502790841916
2291016000090167
83786015662
4366913955969021
101114910974
76059227696
97659427673
97157708145
58529388168
84693632291
19592852523
92923455121
83964575017
4437260298356382
73445055896
111467784871
101198098223
103616059360
76896231060
71487690524
64797556961
64321116955
101576933543
3927082710338407
99592663631
2352576473086684
102052633939
1930340201147715
97867615298
3073849215950252
1428987037354780
101963577425
338280626009879
338280626009879
73278011703
103558732328
50109112116
58912713318
3742327650132275
74855134963
98140866848
110688143251
99586325306
109825474494
105859214730
106082771817
110625456774
83902236560
72030288225
725317655728412
105790307208
61923224897
102861787884
97970254508
84331088028
9431322329
89936086835
94748102180
3109031429540759
285515769723667
105725844172
1156283354582068
97319700831
3839131072609597
104477515652
104477515652
104477515652
97882171875
54251825472
106658446122
106416433827
51125674065
1041959278878299
96772914249
77715871769
813267920357799
3425682115011396
106173531292
3425682115011396
108013172273
2238234654945780
98513044391
99621090391
108955593283
104805138251
980367919296100
68753897258
68753897258
822037199198436
60228094833
79794723776
66605775094
62100530690
62100530690
62100530690
1983133319703324
78924023360
3135443642626372
3953447181487051
59191399640
105381256587
105381256587
105381256587
110171113888
102866849191
102866849191
77895428991
103661248089
58576422322
88333521773
102662389380
100081668503
66480527752
61070218643
1041967699206459
107795440652
3891903335244664
3891903335244664
3891903335244664
58483813254
62555262435
99204810149
76424204707
58590836959
74653822108
102659207114
95371247360
2484547142551564
2484547142551564
3689571198700715
637353209902068
102648806253
58697601315
69613490680
69613490680
104645542169
104645542169
94518243879
1780853089255096
68310389333
62461441049
59574123205
74946934588
108656248227
105596267361
60655862437
104436605275
100700500107
66811291274
102487830905
102487830905
102487830905
1332215348998355
59190399636
70970394222
50712731814
97823402354
59611157920
96501928655
101796964509
96343803777
94193823246
104423231197
98028473737
52379687326
751660152664935
4138204249719742
64104992627
64104992627
81933945951
118360737320046
1516972701915476
66329411172
69460950608
76357745762
1481787285178206
1481787285178206
62546305642
104599996887
58420536204
101953686203
58516334061
100064657851
57451550285
52668411852
2897917494960700
417410374439501
1384979518195604
102620499997
102636335609
55651842931
107743056849
373481706101223
373481706101223
373481706101223
65333803832
954000750947660
72051219546
57848226823
3460857181505219
109273444707
104028332856
80364462611
80364462611
59322810347
72818660732
108204888351
72818660732
1314616494530647
59538022133
58062943442
4287700184606840
2933106050337341
50330727516
92440704622
2299770866768471
2299770866768471
81206701518
69933947707
276667589475780
59245778093
461429079019236
109667275850
94701402813
61986754338
69241129919
96926963506
4208571134251220
102222704740
69796251606
96134000367
96134000367
96134000367
96134000367
3082670275832412
3082670275832412
61355612333
83480404003
111424174425
78369962746
109140488814
99689817349
355863302506263
3452103268500211
109178348574
102122511249
109178348574
99638772747
109178348574
102122511249
102122511249
64405773239
94663547039
64405773239
106005163185
106005163185
108298488287
39201919731740
1068336202917811
84276411433
93069201719
93069201719
102744294192
70548518352
101794044163
3258591021906875
110015378154
101755792425
72510552987
55071566801
55071566801
55071566801
55071566801
55071566801
72480084939
63470445021
63470445021
63470445021
63470445021
61738533254
61738533254
83112001900
58645554188
106387174770
77715681317
93569207151
103999858587
105471944893
80067795797
61135187832
107894092597
76472461720
109285968650
1446596638412067
106530967108
92212765077
57968705815
1138709987341373
109495088029
106894716476
62468886683
104486951433
67683083645
106830885549
2757167537720324
92924207628
97189319914
97604521348
76938744118
89032187723
3610435394477476
110929530711
108044352967
74174180708
95436620600
105438435010
99686797088
105438435010
62068491120
4492834863
1138709987341373
1138709987341373
109092252243
58708896778
67293654399
56816252620
67293654399
64828254489
99665576303
84727915271
57607508637
96031960153
60483067677
97259499971
75951066958
97259499971
73315244703
725299924315660
67293654399
67802633027
94518243879
1728058916348984
6350445458
95574128502
4454853227062440
104941099618
63902021761
86553191096
68508423958
3944684133298012
62122781453
103600654544
106917861718
2871567067382043
67725586115
99815732589
57428192654
52332174848
3029873498522779
3029873498522779
3953444427663181
58239566040
94244050921
101865887817
1402582377957076
2678041416044247
2678041416044247
79135969210
66610181516
79135969210
79135969210
6276500789
89852523288
89852523288
56874100517
52844727471
52787384979
69389515579
93762072661
61112840939
1147534710421667
1147534710421667
108600892429
102049863390
85492777957
85492777957
2678041416044247
2678041416044247
2678041416044247
2678041416044247
2308594462896270
102661987826
102661987826
107736098544
105822411951
105822411951
71912868448
1006772744099149
2449361020398487
2625290057812589
2625290057812589
2625290057812589
883660672997128
53304917615
68426451795
707715471772523
707715471772523
2686811940066060
91712027184
59220767995
59220767995
59220767995
88675364249
60655602362
60655602362
89923470088
64402893651
100960011952
95742923227
72979304884
3962262499630062
3962262499630062
4472444156918444
4472444156918444
4472444156918444
101884229966
4472444156918444
4472446234396520
63635690561
110524488343
110524488343
110524488343
55760493155
110541851171
110541851171
110541851171
110541851171
110541851171
110541851171
110541851171
110541851171
110541851171
110541851171
106176149972
54920362003
4067831295254551
63705577261
109489196513
57794939721
81939158402
3592830636276587
215126636758020
65957617437
109049347053
30380860378280
4076582637156045
110223128822
103687792238
4015044063137555
4270091809333496
3988618179779004
73978701910
50983593146
971605439945931
971605439945931
65451580183
62227610888
391055136001947
60450736323
84494473311
2027124141074071
71269966590
3962262499630062
93389018919
1596115915643368
95312770205
2352578519121533
232719878198920
73152635332
109091940535
94427762338
106097527823
62905899407
103687792238
61966563210
76059227696
14510610119
104681032408
1543309048943148
103463462733
74412805068206
67579558320
2062339446154219
62474953143
58697601315
60839852138
99588156802
59400721675
110736460231
4498801599715268
66113210673
107973379699
71018093646
3012302532774807
3671987101112125
111408988187
3117851468379411
98495270578
92738827665
96501928655
93189025747
104988284899
76472461720
109482008881
106530967108
81749055170
11863651953
2678066511616012
71912868448
106849877630
102636335609
102636335609
102636335609
102636335609
104285427799
9169103388
2167881606105518
110715465979
97125778416
54172329120
2273444570609982
100415615814
99138528992
78814612890
104106507019
59247868759
285502379656252
77540538792
62954369725
110171223796
54172329120
58634359034
103485731076
95312770205
67878743102
96662319898
118360737320046
118341766223480
3328972857809912
461423528393187
99035209653
110817049591
103826611790
86553191096
531818445542126
59667660592
102636335609
76059227696
108656248227
108325869693
98093125399
72818660732
110815209007
60697286416
52305452936
3258599150468023
60276127170
866039565124157
96826023967
58680072067
76424204707
74498592279
102386477320
681322630351220
96698670855
96928445296
76424204707
71912868448
71912868448
55071566801
55071566801
55071566801
100344747322
67293654399
61845633299
1587328685185387
110688143251
59581474826
57779212227
76424204707
109495088029
3628029842831630
86927780592
3592830636276587
4050232646841768
98699249091
60738995305
71912868448
105052846773
106794584360
107703302155
70266694296
107746297027
99493479568
100948543402
57317809918
3390482875431966
98093125399
100041401966
96501928655
102269336321
70514100393
70514100393
59194114378
63583881528
2018305653869565
109910293841
110521337126
93015244558
63648692185
3328972857809912
57725483908
58054130027
102661987826
73869045015
62019499885
76059227696
97261479696
2871567067382043
857213606824638
104341875702
101990721453
100580098391
94188173063
62618358398
2449359373345245
62732569383
102972659752
96005310856
100046785109
690125444228414
93680090993
1859995129089740
19592852523
103463462733
58912713318
338280626009879
89323780880
58705128964
3671987101112125
71503136443
71503136443
62473912781
102180043988
104805138251
1332215348998355
4463629569361751
3944684133298012
108676022950
68164787302
102222704740
3715979671511628
96134000367
3082670275832412
96134000367
96134000367
96134000367
96134000367
77711661532
77711661532
77711661532
108311557947
79158843120
97055625937
95418380946
4111770547920347
1103526818229687
93252403083
69613490680
69613490680
109273444707
61112840939
1147534710421667
1147534710421667
417404716329741
104861960667
66610181516
79135969210
79135969210
79135969210
79135969210
105143767738
65596706533960
373481706101223
373481706101223
373481706101223
70274958656
373481706101223
107743056849
3460857181505219
103644983972
2510895452006894
57428192654
57428192654
68829699383
68829699383
57428192654
68829699383
62738952215
108372967508
82007659006
1244240774957864
52332174848
3029873498522779
3029873498522779
3029873498522779
3548827252692564
61608456852
94244050921
79162647446
105123271623
101796964509
2167890318460996
2167890318460996
95879187718
105179092017
88333521773
106124342748
54611135553
52305452936
67027842036
102661987826
102661987826
102661987826
102661987826
84754212156
54865086402
63087392490
206300930381939
3153017421178204
105381256587
105381256587
105381256587
59891104325
918814874936350
76199546279
69460950608
110071604655
58049829412
74855134963
104096535970
97259499971
97259499971
84336586675
75951066958
109257911480
58997543807
57063720912
338280626009879
106917861718
106917861718
59116577226
100716993108
62461441049
59574123205
97867615298
102487830905
102487830905
78046225263
105822411951
1121106065107259
54251825472
100700500107
95721149989
80611165938
1437786639447580
92946704402
83280159937
71912868448
71912868448
69766070132
830866538639556
111203618824
3364140678386823
74317836823
62858477362
57968705815
111581576761
105945861511
2906735577141341
57996887737
61873120164
2106263821878612
63760479064
67683083645
4331710835071127
102557309132
68753897258
67293654399
109669817083
110100612863
106894716476
109644215123
51694476519
479010523449660
101763522173
100047541744
62574470075
2088679070765096
96092971703
98028473737
64707948091
78125128235
100461506716
61831233693
1059566009463320
2484547142551564
2062308903750728
2422936608978174
1138709987341373
70591295426
70591295426
1736832914555591
71406112897
68310389333
2924337280333196
6350445458
72522004163
68793469235
52471864095
59243290950
59243290950
94928054059
60839727030
60483067677
60483067677
60483067677
92454600434
92454600434
3029899692745166
104645542169
104645542169
104645542169
104645542169
85474854798
4296537372891988
59081696834
71465899003
795679648136199
102187274060
2757192544688076
104523106910
81195831075
74557120113
94196387267
64828254489
66524818451
96501928655
98985961568
3601592870765559
59335550631
3891903335244664
109013163187
3891903335244664
59470440973
58506708631
103282026923
76010242520
108106278817
64322431843
58905739697
102648806253
74412805068206
61275528964
104607403808
50463162969
61651039019
56819687816
101900540213
91636666605
57833035660
66433202399
108784137273
1156283354582068
4366913955969021
338275717887534
108955593283
80067795797
53885118770
98936410339
98936410339
95621077710
320695888257219
70005964473
102224270973
866039565124157
1121106065107259
110625456774
56805638028109
107921394922
1543314146858828
1543314146858828
107743056849
110688143251
95312770205
104999297014
104999297014
74658338695
619759962172189
102352340549
2299770866768471
94272314668
77374802853
102861787884
107743056849
3847882179882814
109446157087
109446157087
100484278930
64322431843
96237199469
108360482376
25308677225
97658286838
102636335609
77634154297
99665576303
104850604469
72807510336
104626709453
93568859276
106768784898
101260470181
103282026923
81881034194
80364462611
98528314992
59885541282
87727434449
72818660732
63475971778
59538022133
59538022133
68072752582
59538022133
59538022133
59538022133
59538022133
59538022133
59118608713
79772807177
62595850082
62595850082
1868809396554376
104746374911
2018304338956781
101797800752
83937474719
98929365671
102363333553
111643569192
65669685259
102122511249
106814444974
94277235123
135930790282076
58894245011
77715681317
81749055170
80100696147
89807806526
57451550285
1384979518195604
102620499997
102620499997
101210109906
980373395744347
67348288488
102574980941
760481133106044
110015378154
2229397833910315
2229397833910315
62849982187
62849982187
50330727516
55071566801
55071566801
55071566801
55071566801
55071566801
106387174770
102903906375
98473514242
106176149972
111241983872
110541851171
110541851171
110541851171
110541851171
110541851171
110541851171
110541851171
110541851171
110541851171
110541851171
111241983872
105127280374
3179400533386636
883655064952571
883655064952571
2625290057812589
2625290057812589
63246035373
58062943442
3091435810991320
81939158402
81939158402
81939158402
81939158402
81939158402
59220767995
2326200557505672
96871677562
53304917615
53304917615
53304917615
53304917615
96616276559
96833063482
91712027184
2370139483275268
96833063482
101678081196
59220767995
83307044560
3504879726764132
106413579963
60655602362
4472444156918444
4472444156918444
78810049954
4472444156918444
3689575437054808
2229440670342926
69970607492
1068336202917811
2765994833747550
84693632291
75665061020
98800531285
87856507983
85053271329
98800531285
93389153804
109723023446
98186481504
92964150986
109125094974
67483054062
3513661418123287
3847887227987150
2739580417086891
338280626009879
78814612890
1833626497985796
78814612890
76059227696
88257539660
70896135515
111606392207
92679288625
80083411846
75123116073
637352144548344
106097527823
232719878198920
60531681888
874808874376814
59281647971
690125444228414
58529388168
94382353707
61486156448
105664583688
1534572667602860
1930370737774188
2959533022644123
54318349744
954018794046536
127198809564395
94707492390
67579558320
72267435465
93427976162
391055136001947
1077164468347229
3196984909630003
109125094974
61367721275
2493296196467320
4314128296976636
725325412829979
104988284899
57431841191
101626266989
989185132727251
59400721675
68072752582
99116469849
51044231889
100697814063
59611157920
461418517234254
3188206738871293
2194242842136589
2845127892801581
111404352425
70019234866
62456591021
1490536700850408
2273444570609982
1314625322495180
72688584721
61970462093
716476862184996
85614587775
3619202506958755
71908406033
320713197628068
2915508707407246
99221421432
108360909762
57524413635
93572972807
94382353707
83285932070
95822221140
65636699482
103899230334
59020803764
96285518522
101862667991
2370175385739547
102656931729
61899931369
69613490680
69613490680
3584011977892701
109642315204
2546074755542503
311871029912388
4041414522438926
93189025747
74653822108
3575255576347228
98220394468
60227614217
59426898565
70220673506
2959512616319672
61367721275
103245549485
989212163179979
2308611851423614
59349477080
66043471290
106024805109
100243010798
3874299465962766
97111540729
54278629747
101987600330
86576524487
60512619505
87917144676
108072598166
98131476499
1587328368000628
60589272995
106640863318
60520525136
102222704740
102656931729
105992037798
104645542169
102661987826
52636163760
105792541276
79090852396
100700500107
95986186640
55071566801
55071566801
55071566801
55071566801
78043934131
98093125399
62100530690
67216204022
83634441085
2449359373345245
110275575064
98540728624
1692866956507099
96826023967
106388607976
76059227696
2941936156815212
55019809862
59236021525
73148834225
64347032418
59538022133
2255818286177421
92924207628
1824804812888679
3346532735658238
104477515652
77880476419
2678066511616012
2678066511616012
71912868448
71912868448
71912868448
102636335609
101982861080
101982861080
71398102742
64874844444
52305452936
52305452936
69436265853
3328972857809912
110822749768
59065673508
106666824670
3241012326574904
110833988564
109410209246
1736834069563132
105191148510
62174149070
101340455904
100700500107
102661987826
103883943715
109577621486749
25262500230
94271185161
60749070389
100263877845
101963577425
4120599676855068
2484547142551564
101031799617
58912713318
58912713318
89323780880
89323780880
338280626009879
338280626009879
883626741862264
96667992893
104477515652
1121103184930343
99827821446
1543314146858828
1543314146858828
3610418931315448
95415112438
98339366067
1411414015881363
619759962172189
57898643499
106329377285
4261333227024824
109178348574
109178348574
94277235123
135930790282076
135930790282076
96396015776
63470445021
111555363485
105134882568
61738533254
71302288683
61087009174
77715681317
71070821865
64211615258
2924337280333196
68310389333
110171223796
61275528964
61275528964
63904708271
101679166825
1516972701915476
52471864095
102648806253
102648806253
95537834011
60520525136
103632627416
4492834863
102659207114
93124744400
62468886683
103600654544
65865651144
2299770866768471
2950708917176691
70357989496
602186807514420
55071566801
55071566801
55071566801
72480084939
94793587243
108204888351
108204888351
59538022133
59538022133
54280942465
1332215348998355
108955593283
108955593283
105636480961
88253352541
3883075364201239
3258591021906875
107977727960
96826063380
99274952448
3689584937930936
3601615828812023
92459051193
101194912986
1297028349171159
108598782548
66186899560
94764922591
87389911655
106768784898
1420170789130420
1701656317931597
108280672340
76501713988
102861787884
102933395891
58403943903
57833035660
285515769723667
67719950089
92466372611
92466372611
92466372611
355880958441875
1332215348998355
68647928800
102180043988
3513661418123287
77255431328
106416433827
108360482376
2370146984529549
104196138253
3328942007653731
2475701406011101
92628529822
71841131267
57428192654
3029873498522779
3029873498522779
3029873498522779
3029873498522779
3029873498522779
3029873498522779
94244050921
81805490066
101797800752
101797800752
110223128822
101826209200
1129927832245757
47973917004039
57451550285
2678041416044247
102583294866
111380907498
79135969210
79135969210
70357989496
89852523288
56094687847
86681800528
2291011648764372
85492777957
95977573922
104599996887
1736829316380595
2678041416044247
2678041416044247
58651677044
2326210540483277
62839305427
60140450968
97259499971
58590836959
67098976097
63625792717
60483067677
96031960153
105346235690
67683083645
105009379464
58708896778
104523106910
73978701910
55979450230
4437277056436583
276667589475780
98351247903
98351247903
68638142449
110924130411
59683678142
101626266989
3179386842384963
259079813471524
338280626009879
63047298307
3258577974199028
62100530690
62100530690
81195831075
96021570384
66811291274
60291778767
102305180796
399833429709243
62496798488
62496798488
72203087986
64442261494
94872547249
102222704740
102222704740
102222704740
107743056849
86241788954
61241763798
58664008125
3460857181505219
3460857181505219
3460857181505219
60817921513
100622983912
96134000367
96134000367
3082670275832412
111424174425
111424174425
111424174425
95201984532
111424174425
111424174425
3302564389205112
88333521773
88333521773
108320481757
52305452936
52305452936
102662389380
3153017421178204
102866849191
65101148467
100700500107
70166245903
100700500107
108307263600
80611165938
52844727471
103933847846
83280159937
3284958644548142
3284958644548142
73963491925
2510902556373732
102661987826
102661987826
102661987826
97847871184
60655862437
1121106065107259
65596706533960
373481706101223
373481706101223
373481706101223
91657875889
71486348490
108006378010
64200662224
73622657269
2484547142551564
4261333227024824
59611157920
96501928655
93558725980
102636335609
102636335609
6270144209
98557083015
4252509083810020
95471646943
93237842703
107970238596
108013172273
94923140443
109331462727
102557309132
67293654399
102557309132
102557309132
67293654399
67293654399
67293654399
67293654399
67293654399
98045818281
2343781514877668
60228094833
30382369279111
88145567841
56012252235
67216204022
67216204022
61135187832
103999858587
109446157087
206300930381939
1816049559538456
111527072907
2238234654945780
95621077710
65134488476
102744294192
102744294192
70548518352
73712010674
61982106568
71193663101
102269017585
81749055170
60705691706
80100696147
69948471553
70412434065
1059557735929566
1384979518195604
102620499997
102620499997
105975830223
80364462611
59245778093
3944672503277204
4111770547920347
866042455793444
59016905102
65303531659
104645542169
98539645147
58397735682
63296842474
94106225389
71465899003
106214541291
110273004653
94232935975
88721065061
100719765589
97723183514
80745032657
59191399640
62555262435
111553046423
21612781648173
99204810149
76010242520
76010242520
4243759424109755
108106278817
58800348561
62302068315
23205191711
104598657676
92924207628
68508423958
101611626319
4067831295254551
4067831295254551
101611626319
106176149972
103252972436
108065217731
3258576390072424
63877665573
55760493155
98473514242
110541851171
110541851171
110541851171
110541851171
110541851171
110541851171
82398999697
883660672997128
285524996144267
111338273107
61626473408
3962262499630062
4472444156918444
4472444156918444
4472444156918444
4472444156918444
4472444156918444
4472444156918444
4472444156918444
4472444156918444
4472444156918444
3962262499630062
1297011951538035
59220767995
2326200557505672
2326200557505672
2326200557505672
89932629814
96242969878
96242969878
96242969878
4358091355719086
64402893651
76701383307
2686811940066060
91712027184
59220767995
59220767995
53304917615
53304917615
53304917615
53304917615
707715471772523
106125321707
66239937008
61175206776
110524488343
883660672997128
105329887107
105329887107
81939158402
81939158402
81939158402
81939158402
81939158402
