3098173307
3123312638
3154024262
3205216555
3244911098
3311039950
4492834863
5940824465
6270144209
6276500789
6327829381
6350445458
6500852818
6572584653
6761527691
7004267872
7351209324
7564666531
8031216229
8297437572
8462626191
8481578694
8554158834
9169103388
9431322329
10280232770
10310910111
10563047146
11333655062
11605447476
11863651953
12228014795
12246432093
12248003827
13500785692
14053855655
14510610119
16446930273
17956918005
19306678092
19592852523
19937752398
20041505046
20230866371
20282677352
21242386047
21333622157
21380705461
21426295749
21603880525
22541914708
22768209374
22876247389
23196164733
23205191711
23666405266
24763440816
24883947010
25262500230
25308677225
50000851943
50034200196
50051173496
50084115354
50109112116
50325549324
50330727516
50341953708
50426311464
50463162969
50537190378
50571379687
50639502949
50640578612
50712731814
50754942424
50771592824
50796635777
50825566497
50827003233
50868229159
50908045413
50927284927
50983593146
51016310372
51044231889
51125674065
51401876717
51647049473
51694476519
51782699001
51878600688
51950184969
51957826361
51981611902
52010093998
52039737789
52071013719
52091293595
52112961889
52158968839
52187270649
52190936081
52206679869
52214518787
52223152340
52239654915
52261440678
52298334343
52305452936
52332174848
52345838818
52370993685
52379687326
52381836258
52382305524
52457881712
52458723539
52464993381
52471864095
52477207612
52508111840
52523497992
52556294966
52590397297
52590626673
52605858521
52610354065
52617218702
52628507448
52636163760
52636733257
52662105617
52668411852
52702202460
52703988147
52750345224
52762581240
52787384979
52844727471
52858428220
52908777721
52911391080
52934972235
52965759964
52966995427
52976640052
53048554586
53096841517
53113453902
53184124572
53242954156
53259224472
53304917615
53311962907
53336597050
53369131000
53370562068
53382623682
53414963678
53488502904
53502602441
53508804119
53572540193
53650058396
53885118770
53920417860
54067258607
54119936425
54172329120
54196161463
54251825472
54254780176
54266632160
54267313113
54278629747
54280942465
54318349744
54360325258
54402207755
54559165169
54611135553
54639893023
54772320785
54831232798
54844319307
54865086402
54906798506
54920362003
54942074058
54943737439
54947551712
54976335255
54979704886
55009824125
55019809862
55026036169
55071566801
55104944678
55147842538
55165838837
55243543652
55306721880
55345233928
55511662374
55519728154
55530048745
55541269194
55574692264
55651842931
55659201574
55669944687
55678792601
55710801236
55752411440
55760493155
55780928231
55785039275
55787250305
55787733891
55859246811
55961223727
55971764245
55979450230
55987387454
56012252235
56051294681
56094687847
56118500479
56214943123
56284938462
56342920128
56388812815
56525198297
56543070571
56612823293
56623049108
56626230718
56709647970
56715163875
56762420777
56816252620
56819687816
56874100517
56884299047
56949069424
56954224013
57004509985
57018373278
57030785821
57063720912
57082449870
57161393151
57186314961
57193298773
57260403585
57270456539
57277136418
57317809918
57347309059
57375467455
57376677425
57428192654
57431841191
57436452226
57451550285
57451828574
57494139057
57524413635
57530584124
57551123330
57574951515
57589799443
57607108914
57607304749
57607508637
57614530374
57631850811
57636303741
57656266117
57675100710
57676045759
57702635687
57712892750
57713816701
57714066499
57714915386
57723147241
57725483908
57779212227
57794939721
57812866750
57823035328
57833035660
57836738284
57837235721
57843733637
57843939290
57848226823
57851271161
57866684241
57885046483
57898643499
57899635599
57946656389
57966681106
57968705815
57968896885
57971276809
57977379535
57991856318
57993833606
57996887737
57999336865
58000228578
58014205396
58049829412
58054130027
58055686948
58060986351
58062943442
58063960287
58065170297
58067441041
58091132641
58105733349
58144233237
58145193537
58146392181
58151006356
58152548403
58185098258
58186622909
58199152840
58203486859
58218731751
58233276513
58233917077
58239566040
58244372539
58265877593
58266692238
58274894115
58276392091
58280608498
58284704987
58296989976
58313726780
58321763868
58355212772
58358312370
58370301346
58379614163
58397735682
58398545218
58403943903
58406207978
58410350985
58417822128
58420536204
58427975650
58483813254
58495422709
58500532532
58505140475
58505247852
58505691762
58506708631
58510495861
58516334061
58519523841
58522984803
58525403548
58529388168
58529920833
58536218917
58544361854
58546460081
58550760696
58554975392
58555311271
58558729396
58568372874
58574439892
58574818593
58576422322
58582287600
58582668618
58590836959
58607462923
58613260305
58614115049
58614522338
58614692014
58620513538
58622522882
58627640290
58634359034
58645554188
58651677044
58664008125
58664970083
58672234174
58679855442
58680072067
58694267468
58697601315
58705128964
58705625511
58708896778
58710120676
58717033229
58734825979
58738677218
58744829621
58749203262
58749914571
58758144377
58758888415
58769286711
58781612611
58782842661
58783645025
58783935634
58791180545
58797917047
58800348561
58801102770
58802896727
58803309053
58804794930
58812315996
58822594511
58824433408
58835923934
58842355393
58846859806
58851793299
58857010024
58858858467
58860106087
58868240104
58870645485
58876121118
58878993677
58880771539
58881153813
58885016859
58892829893
58893532218
58894245011
58899166281
58905630236
58905739697
58912713318
58914859229
58916629752
58921616880
58922440754
58929235623
58929408076
58931030268
58932929120
58936132667
58936493918
58940183860
58940712003
58955344998
58961766558
58968168304
58982189675
58990439258
58994628773
58995147498
58996664730
58997543807
59008102214
59008869158
59010166468
59012359959
59013351126
59014510064
59016687648
59016905102
59020803764
59021898360
59032230598
59032931979
59045190699
59048261498
59054327754
59054357596
59065673508
59071665372
59076325961
59081696834
59083464105
59103455179
59103550357
59109254087
59110298425
59116577226
59117453166
59118608713
59120310131
59122159790
59136889387
59137809409
59150254410
59152554615
59153676243
59160929763
59165176231
59166032482
59167581500
59174715782
59184475691
59190399636
59191399640
59192740882
59194114378
59199078429
59205210535
59205618343
59215877858
59220767995
59231902246
59236021525
59243290950
59245778093
59247868759
59279662658
59279670291
59281647971
59287791953
59299185312
59301343543
59313412313
59322810347
59335550631
59336574972
59349477080
59362272935
59369240677
59376578260
59387957447
59393617977
59395100481
59400721675
59401850711
59405960415
59423774160
59426898565
59470440973
59470523835
59473716351
59480089387
59504328225
59522561409
59538022133
59554382801
59569096496
59574123205
59575130221
59581474826
59589047462
59597712940
59599244096
59600790156
59601434590
59610563373
59611157920
59613940436
59619736004
59620450233
59629022148
59631047999
59635023052
59636254173
59650036813
59650226752
59664054449
59667660592
59673336458
59683678142
59690141385
59698061638
59714401006
59716752892
59726722231
59732190627
59737396290
59753132229
59756036199
59758879037
59764617696
59784176751
59787973653
59789916591
59807165780
59811182581
59814159453
59816830671
59820494826
59824821009
59827310627
59836374259
59837253295
59858219214
59864114960
59885541282
59891104325
59939447563
59956911466
59990255300
60003843504
60009582186
60023739896
60027202654
60033983888
60039234464
60072451236
60083818739
60096407384
60098983148
60126065943
60138043398
60140450968
60144557894
60193000284
60209297380
60217463937
60227614217
60228094833
60234489837
60240211153
60264457303
60276127170
60278231602
60279307405
60282990510
60291778767
60294721684
60302927157
60303539943
60309895061
60317438909
60323611026
60331148245
60349994796
60350446107
60358769530
60360904485
60361849590
60364463095
60377323991
60385794677
60404268843
60406639196
60413349069
60426321006
60426413775
60443516160
60445151997
60450736323
60450884382
60451067573
60456238403
60467674131
60477202318
60483067677
60485295350
60494913758
60500012483
60511103028
60512619505
60520525136
60525484333
60531681888
60539559946
60543234560
60550569945
60553994547
60558507933
60559735161
60563464762
60567155741
60579555802
60589272995
60598047177
60598989248
60599679647
60602661676
60612082931
60617373819
60620846868
60624820258
60631108157
60636423637
60655602362
60655862437
60663003226
60673941525
60684080359
60697286416
60704844848
60705691706
60710348379
60729030707
60730523194
60734144586
60738995305
60744699419
60748062584
60749070389
60750392028
60751803035
60768837097
60773107600
60788475841
60795192073
60801222345
60817921513
60819843102
60839727030
60839852138
60840273831
60858284226
60863625878
60891003843
60906658507
60935991151
60938749885
60939715922
60947251459
60952707850
60967867473
60969257386
60975756472
60989630682
61001365135
61005084156
61017428325
61022309461
61045342501
61054274264
61070218643
61073658636
61086888485
61087009174
61093756178
61112840939
61115859943
61123677442
61127865740
61130744688
61135162280
61135187832
61141586972
61175206776
61183359760
61190402570
61197002654
61200403177
61212078575
61227107876
61235493008
61237333356
61237859131
61241763798
61275528964
61282022803
61290814176
61291859949
61292216068
61300027627
61314332051
61328784094
61332768080
61333954855
61346855368
61355612333
61357601142
61360776362
61362308995
61363379746
61367721275
61380483091
61391517435
61415259662
61421265882
61429556935
61435370877
61451769984
61457343052
61461187305
61474394973
61474947400
61476165724
61485189161
61486156448
61492457807
61493635565
61515306812
61525688535
61528288183
61534300360
61541089177
61544610962
61552456075
61556179262
61564317000
61565188473
61565833606
61572124230
61578493220
61579232246
61608456852
61626473408
61628516687
61634354579
61637279191
61651039019
61667342532
61673488170
61674595097
61697169785
61704394300
61718013163
61724686725
61738320807
61738533254
61741593014
61753801831
61794597025
61808388827
61829535352
61831233693
61845633299
61852990100
61854287150
61863042382
61864145887
61873120164
61880753221
61886910743
61887578905
61892516874
61895352181
61899931369
61923224897
61936357840
61946865882
61966563210
61970462093
61982106568
61982436855
61986754338
62019499885
62022224701
62027869022
62051703460
62068491120
62075420552
62087271654
62100530690
62114801862
62122781453
62122932758
62123378114
62124510317
62128329212
62130177788
62170490165
62174149070
62177385247
62180328600
62184780422
62201981038
62206538547
62207955145
62208367102
62209945194
62212476969
62227610888
62233705088
62241304201
62251093543
62263065092
62269715643
62275791338
62285136222
62297576606
62302068315
62303110757
62318377753
62337766373
62344368909
62348495684
62355179193
62360580850
62373867480
62384659733
62410549309
62426730392
62442018174
62449091544
62456591021
62461129355
62461441049
62468886683
62469202354
62473912781
62474953143
62479504993
62496798488
62513257612
62517029674
62520203512
62546305642
62555262435
62556184957
62568622445
62572052775
62574470075
62578034543
62594354928
62595850082
62606345263
62618358398
62635734091
62642862121
62651536819
62653154341
62668588590
62673619150
62675992539
62692624087
62705327361
62732569383
62734326067
62735074323
62735545765
62737353492
62738952215
62746779696
62780617479
62784326944
62788230915
62794779071
62807172288
62815797502
62815871911
62819598831
62839305427
62848670925
62849982187
62858477362
62875724553
62905899407
62906894374
62910400618
62947726537
62954369725
62955200945
62956171452
62966418212
62993370814
63011110818
63040549002
63047298307
63054849094
63087392490
63137114244
63152744855
63163222051
63163290594
63165769102
63167222033
63167972556
63171214626
63188243544
63189053315
63211132897
63213765541
63219008244
63225225542
63226778632
63227668453
63230842158
63242725592
63246035373
63254174996
63259638916
63263834586
63292613702
63296842474
63306232700
63327831512
63334655349
63347157905
63347647393
63375528257
63379650044
63388505556
63410554047
63435622254
63441043738
63449384530
63470445021
63475971778
63530482224
63542892651
63557049741
63566250420
63583881528
63589978928
63593852401
63595365796
63613758486
63616959519
63625792717
63630812973
63631745116
63635690561
63638248793
63648692185
63653287764
63655435898
63655893349
63666178201
63671843807
63675145400
63682039352
63699806720
63705577261
63706705599
63722481922
63725093519
63746930205
63760479064
63810657141
63852976539
63853087922
63877665573
63902021761
63904708271
63968354951
63975096051
63976255024
63988291150
64005781691
64014315224
64041731004
64049858487
64053061707
64062846522
64063588899
64076313927
64089722203
64104992627
64106698699
64117131714
64146484995
64174982931
64200662224
64211615258
64214279682
64223191241
64248903930
64254821641
64263938561
64266435546
64274344046
64288376213
64294337072
64294601052
64314402979
64319943511
64321116955
64322431843
64347032418
64369587598
64402893651
64405773239
64406357025
64412920516
64437304784
64442261494
64515887572
64516470258
64534850226
64542961531
64548688974
64593084931
64642609906
64663560365
64677485184
64707948091
64710119001
64768158792
64797556961
64828254489
64874844444
64980290723
64983929135
64997858503
65020276433
65084078707
65101148467
65123944173
65134488476
65202586874
65226874426
65287439945
65288789475
65303531659
65307935443
65333803832
65335748982
65362564011
65451580183
65514209632
65517054718
65631747445
65636699482
65650647177
65669685259
65699508902
65741145460
65743328449
65756767299
65769625996
65773278457
65826850326
65844744784
65865651144
65869026072
65947545802
65957617437
65978448638
65991552101
66006188902
66043471290
66059858236
66069927941
66084711478
66088482812
66113210673
66139726474
66159469838
66186899560
66206100067
66208375170
66239937008
66322868270
66324369307
66325126444
66329411172
66350187100
66377064892
66408364402
66433202399
66456335747
66475133783
66480527752
66524818451
66549081234
66560745415
66577213984
66601294178
66605775094
66609932889
66610181516
66628938875
66684157894
66779706703
66808097066
66811291274
66862715517
66868642206
66872250871
66880511643
66894024610
66923872039
66944950544
66950071262
67005868913
67027842036
67030440031
67040950983
67052408307
67076281395
67084587143
67098976097
67109785708
67121323592
67192897058
67206265833
67206765621
67216204022
67239695448
67242764195
67293654399
67325662920
67333513322
67348288488
67348373236
67355156540
67362538084
67422894024
67443385468
67468400643
67476845362
67479216376
67483054062
67520667853
67526692987
67561261536
67579558320
67610079474
67652358263
67683083645
67713618433
67719950089
67725586115
67778360919
67779861534
67792581799
67802633027
67871686368
67878743102
67884597802
67892428406
67903700519
67944807519
67952763007
67955115433
67956606269
68007210150
68010936322
68013194360
68017033609
68023129803
68027072858
68037890430
68068110961
68072752582
68099215018
68108508760
68143286843
68164787302
68183963132
68192081532
68206739658
68217215921
68277686852
68297329730
68297827513
68304013512
68310389333
68333559786
68340639844
68394617839
68404637428
68406473929
68418403177
68426451795
68437640328
68444568742
68462117164
68508423958
68530023409
68535867724
68565872528
68578094794
68609151257
68609490428
68612161100
68638142449
68647928800
68703974221
68743992552
68753897258
68784700078
68793469235
68818210328
68825316727
68829699383
68841148283
68842703037
68845394370
68871083496
69037153239
69072695798
69083887997
69102429150
69116571199
69131659665
69132220176
69142468301
69183122706
69200205566
69224319664
69235915303
69241129919
69270804899
69303895528
69313020749
69323280870
69389515579
69422160129
69432382294
69436265853
69455676126
69460950608
69478982069
69499864736
69504036094
69510673468
69536681668
69581400058
69613490680
69630562026
69657353397
69657872755
69727289416
69746644058
69766070132
69777332961
69796251606
69816642907
69842683470
69872142112
69886817194
69908272301
69927768920
69933947707
69948471553
69954544620
69959564283
69963322060
69970607492
69976650363
70002848773
70005964473
70015326114
70019234866
70048829229
70103691626
70132621983
70149215365
70166245903
70167232677
70172842768
70176133793
70181951529
70183267011
70197958624
70220673506
70236714061
70246620492
70266694296
70274958656
70357989496
70367893673
70412434065
70420066625
70449582176
70454520363
70493507523
70514100393
70548121620
70548518352
70564722137
70591295426
70604029440
70662441171
70755236021
70755464580
70798136469
70808046388
70817244321
70818219258
70829932840
70836636293
70876184109
70882190271
70896135515
70901556974
70902418769
70944924590
70963819888
70965094263
70967813427
70970394222
70979366579
71015407303
71018093646
71024222841
71036048179
71040408693
71041061612
71065176312
71066564079
71070821865
71113718563
71160988956
71167204528
71191386666
71193663101
71200305658
71210146591
71237070540
71242064434
71269966590
71279878617
71302288683
71312876391
71315001797
71318875853
71329282280
71363645886
71398102742
71406112897
71411048108
71465899003
71486348490
71487690524
71496595958
71503136443
71515824773
71553127439
71573332813
71582055431
71584849717
71588462512
71600057008
71610015893
71639451868
71709751056
71762074642
71834863893
71841131267
71849024620
71850652554
71864328281
71872456619
71893114419
71908406033
71912868448
71913929591
71930050486
71952167289
71991865581
72030288225
72051219546
72058924293
72093295841
72100608871
72101052397
72107214030
72118075689
72166764757
72196967985
72203087986
72204767726
72267435465
72272532374
72300978161
72302506968
72319562662
72339612295
72385836994
72453760802
72468766469
72480084939
72510552987
72514307223
72522004163
72559200291
72566700480
72617828251
72626469243
72627270456
72645512695
72661384030
72673380895
72688584721
72699243047
72701169878
72703012211
72763258060
72773084271
72793507130
72807510336
72818660732
72878543700
72900688644
72904941021
72922999004
72940146352
72947536062
72962332562
72979304884
72986436648
73026102728
73064547416
73083105472
73111668574
73130340376
73142189419
73143241714
73148834225
73152635332
73175967624
73220600370
73236745312
73269712140
73278011703
73315244703
73357110602
73445055896
73463517539
73464713895
73489105055
73533913734
73553369226
73611436871
73615926361
73622657269
73674042847
73681434975
73707343156
73712010674
73714294096
73748234418
73776040282
73809673735
73831880985
73843221310
73868326223
73869045015
73893416582
73914495600
73963491925
73971498993
73978701910
74008053060
74035139780
74049115032
74110705871
74174180708
74220609602
74266704380
74280738438
74308424867
74317836823
74384082060
74461837187
74487915658
74498592279
74557120113
74580815885
74621556965
74631551084
74653822108
74658338695
74757714102
74768495068
74771224583
74786483781
74854204913
74855134963
74865691201
74883745840
74892160601
74905441940
74946934588
74957632919
74967495287
74969473633
74983749346
75002061843
75006864073
75018931346
75027059429
75092142131
75093312848
75118581954
75123116073
75143983990
75195304938
75214670386
75246429106
75261872244
75266601544
75311191855
75326951736
75370233711
75373986149
75374262482
75378569145
75390860318
75406290483
75462601612
75467818198
75476681155
75477742342
75477776371
75495725776
75499644471
75520164864
75521795114
75532119885
75557576314
75579522919
75598736843
75599709318
75615339494
75623727488
75632584499
75632643569
75632808555
75654973308
75665061020
75688971393
75721276249
75735686716
75749207082
75750254938
75776777832
75786342870
75820574443
75824789004
75826430308
75849337419
75852011344
75900178715
75944529580
75947711733
75951066958
75964187518
76010242520
76056591393
76059227696
76065841020
76075251423
76081288819
76094335714
76095202472
76110543308
76148822699
76158367499
76199546279
76204131962
76357745762
76382813503
76394856467
76416848283
76424204707
76472461720
76474073822
76480019960
76480271638
76501713988
76568850921
76575406484
76616565011
76620644411
76701383307
76705984486
76727438858
76766638147
76896231060
76938744118
76946990864
77011810323
77100967507
77168449681
77168785278
77255431328
77257389349
77267169789
77273213319
77347901653
77351828578
77369855119
77374802853
77382908763
77397967301
77412891214
77480724258
77483188358
77487454108
77503705385
77507591231
77533678674
77540538792
77634154297
77641496555
77687103159
77700761954
77711661532
77712132159
77714113479
77715681317
77715871769
77808314890
77866147057
77880476419
77884656130
77888583519
77895428991
77898422156
78002326723
78011027070
78043934131
78046225263
78125128235
78189531247
78196824129
78208150817
78216444056
78228273522
78315301891
78355342367
78355412395
78369962746
78448799998
78452532200
78459776765
78491246960
78500623629
78513610931
78521458305
78612868824
78614042446
78649512053
78673218364
78691098299
78754638290
78763076237
78806818492
78810049954
78814612890
78895801663
78924023360
78926598616
78932307926
78959489759
79012666351
79050480375
79090852396
79135969210
79158843120
79162647446
79162855970
79173352862
79175511897
79321223560
79330517808
79342938818
79358444304
79362641953
79382743684
79475197621
79527763416
79547207776
79548632409
79565462252
79624814661
79724781800
79752023533
79772807177
79793387856
79794723776
79806752259
79917717453
79968482801
79982257808
80067795797
80073856197
80083411846
80100696147
80119626455
80164676307
80190274850
80215537584
80357587232
80364462611
80371232722
80419941952
80425773721
80514078452
80532547274
80579189991
80611165938
80626944968
80632952083
80712240296
80744790011
80745032657
80758328744
80799116182
80928644412
80951446466
80974830318
81007317667
81058320705
81195831075
81206701518
81302506429
81333647436
81374519744
81398836511
81411314925
81468944468
81556428283
81664493458
81749055170
81774952862
81793710243
81805490066
81841405760
81848108178
81881034194
81895251116
81927640348
81933945951
81939158402
81953779546
82007659006
82051799105
82053469716
82123556339
82141699603
82258162351
82313014411
82323507673
82383501905
82398999697
82440047462
82461169453
82480311983
82506564001
82506599439
82516327012
82612933140
82616672409
82656374538
82704433414
82823608820
82919684218
82925925998
83005693451
83099197753
83112001900
83117224358
83150231873
83227045950
83268382282
83280159937
83285932070
83307044560
83337580201
83350971645
83357987291
83404191238
83444669518
83444710326
83470228852
83480404003
83514943752
83583447855
83583657300
83634441085
83683136652
83705664652
83747246380
83775163205
83784860462
83785430751
83786015662
83802847932
83802969671
83803798078
83852246855
83857101531
83867666003
83869398952
83886048467
83900892011
83902236560
83913527632
83926582025
83937474719
83964575017
83966754577
84077544606
84087040518
84198370295
84242984982
84265680299
84275914643
84276411433
84297676288
84321719763
84328499212
84331088028
84336586675
84337980419
84381449519
84387694475
84494473311
84550205633
84564403356
84593932665
84650004712
84651546026
84665516902
84679846057
84683393349
84685769451
84693632291
84705284127
84721261252
84723565199
84727915271
84754212156
84770584303
84805385742
84838584569
84917081308
84917863933
84931730372
84949220399
84954226224
85051935807
85053271329
85152745751
85212884743
85214150022
85259219370
85268284693
85312564285
85379334412
85450535128
85470189573
85474854798
85492777957
85508717453
85513767448
85519431698
85601727832
85614587775
85616683987
85618528605
85660846017
85682025445
85717122089
85726741040
85737858991
85780271941
85849889979
85858077829
85870115731
85897230831
85915874836
85925659299
85945747867
85980199628
86021050099
86033934992
86069002563
86134965662
86160063364
86205868268
86241298906
86241788954
86283383097
86325082520
86409921589
86410041749
86479376607
86553191096
86576524487
86601206028
86661284763
86681800528
86695470388
86728176014
86767206251
86775517836
86805198031
86922382017
86927780592
86934835935
86940629663
86966157581
87018054988
87019366075
87035497119
87060058292
87113654104
87145769614
87159186159
87269012777
87274390662
87354476820
87360424915
87389911655
87450546180
87539347849
87601819784
87616480871
87626057608
87682361960
87713681724
87717775040
87727434449
87749847394
87777163031
87789670441
87828086550
87850028156
87856507983
87857967700
87868466791
87894201648
87898772088
87917144676
88014069621
88036727822
88060694022
88104951552
88128383705
88145567841
88157229883
88180342603
88181906703
88206297961
88207593320
88253352541
88257539660
88266007883
88274794425
88280818597
88333521773
88344707269
88348679633
88503926578
88514957780
88521794819
88611494514
88612128188
88626348518
88650930346
88675364249
88721065061
88728686430
88761917872
88814318008
88830386873
88872417054
88934132137
88976807900
88998154638
89029349401
89032187723
89323780880
89345478701
89467137351
89807806526
89835017856
89847027790
89852104754
89852523288
89863091819
89877855591
89923470088
89932629814
89936086835
90090317639
90125516047
91469097117
91497611370
91509070067
91565233784
91611091449
91619637699
91636002370
91636666605
91639870829
91652682870
91656406971
91657875889
91658945182
91663051812
91667611323
91668038450
91677100406
91677970457
91688225948
91699380221
91703394099
91712027184
91729515171
91743175865
91757114432
91823699719
91903534714
91931984198
92028166422
92044390759
92093670045
92176035368
92193800134
92195892351
92201052414
92212765077
92268810591
92285466321
92312009819
92330731094
92338807162
92358484116
92359533036
92361860920
92438523327
92440704622
92449740998
92454600434
92459051193
92460301016
92466372611
92467581143
92475785926
92499915478
92500348946
92508186998
92514271519
92516074992
92521429356
92543763379
92548296527
92557094669
92587192281
92609063969
92611841516
92628529822
92629886798
92630682247
92633224903
92662667895
92674744576
92679288625
92692622644
92705123218
92709775671
92722888640
92738827665
92771190469
92833551289
92868355847
92876607622
92878576699
92901105793
92923455121
92924207628
92946704402
92949222580
92963656273
92964150986
92975734275
92979129617
92996983746
93009069305
93015244558
93021978434
93022635690
93032101827
93053799470
93055224709
93069201719
93073486869
93106429575
93109078756
93114669242
93115124802
93115545210
93124744400
93126187430
93134130857
93153730333
93165519888
93174115799
93178244290
93178742600
93189025747
93191098664
93194308494
93197516767
93200971620
93205690157
93212675131
93223356822
93235196687
93237682560
93237842703
93245911153
93252403083
93255478315
93268925574
93280617075
93283836560
93285832425
93287624868
93309182870
93309197790
93326012957
93327031033
93332337476
93334020526
93339754087
93350075505
93359042388
93365974194
93389018919
93389153804
93389516608
93391090983
93391333035
93398133551
93399707310
93404554096
93411820999
93414576421
93427976162
93432727315
93440758912
93448826022
93461054552
93485306122
93490683639
93491576036
93492141468
93496978589
93518989932
93537812276
93542294142
93558725980
93562265874
93568859276
93569207151
93572972807
93577021461
93586147420
93589839398
93594245191
93632400254
93661636185
93667005683
93680090993
93683251184
93762072661
93763081366
93805724566
93852412819
93907848898
93910010234
93913678603
93921652715
93940102077
93962852477
94014978826
94053489010
94058262231
94078135750
94085128286
94089551584
94094802581
94095009865
94106225389
94106523603
94171074203
94180888813
94181398880
94188173063
94193823246
94196387267
94197181700
94206274750
94209724465
94232935975
94235973649
94244050921
94252665998
94271185161
94272314668
94277235123
94284217764
94284719134
94296202851
94315761883
94338832959
94345968020
94351718963
94360871797
94367982760
94377973706
94382353707
94392034035
94400398390
94414812878
94418221507
94427762338
94439865856
94483836922
94508972589
94518243879
94529831207
94552181225
94588014849
94606781039
94663547039
94682366851
94701402813
94707492390
94714739049
94716721829
94735438469
94748102180
94755515796
94764922591
94764992636
94793587243
94806504540
94814458657
94817818018
94827189165
94872547249
94903392645
94923140443
94928054059
94964339061
94974537068
95031363643
95035505182
95035620452
95048824179
95053098715
95104887498
95109641212
95129608692
95159733986
95161474244
95177287502
95185066539
95198306728
95201984532
95212582577
95231285404
95240747032
95256156727
95288113243
95293960982
95295921934
95312770205
95327678426
95331989108
95335616588
95342627380
95344114756
95345030292
95345583525
95358109553
95371247360
95378569762
95415112438
95417134306
95418380946
95419319425
95429312019
95436620600
95441392298
95447436188
95461511171
95468371650
95468426828
95471646943
95480188265
95488345116
95491358915
95510210994
95518679590
95537223358
95537834011
95538593609
95540085279
95542044103
95547393743
95568313716
95573914614
95574128502
95575622538
95616144200
95616277486
95617266032
95621077710
95630605201
95644159183
95646217058
95681384791
95681903537
95706780068
95712363255
95718455212
95721149989
95734653252
95742923227
95763480803
95765736929
95767306217
95770550183
95782031660
95788634804
95805023047
95822221140
95829704602
95834928323
95840348679
95843164613
95844061232
95845330308
95849133404
95879187718
95892646991
95897263381
95899946249
95912943704
95913401834
95932755832
95933676287
95947309533
95966428766
95977187363
95977573922
95985833855
95986186640
95992274133
96000241730
96001825653
96003473275
96004288636
96005310856
96008052602
96019227547
96021570384
96023063932
96025473065
96026111479
96030748538
96031960153
96039296872
96039517167
96049522643
96068809714
96070489776
96090491637
96091511551
96092971703
96095534565
96100282773
96103730751
96105749372
96119954998
96134000367
96145139907
96148280853
96156617716
96167685595
96173029708
96194681610
96202660605
96235715735
96237199469
96242969878
96248873533
96253619943
96263028348
96285518522
96288240371
96291693047
96293915164
96300168753
96313199234
96314672745
96324087744
96328666098
96329942831
96337290920
96343803777
96345411382
96346418300
96347233585
96352739027
96356203165
96364500863
96367182113
96393291448
96395317254
96396015776
96431293132
96439698147
96444804907
96447189642
96448296842
96455964195
96465343841
96472110398
96474170212
96484698976
96494194373
96501928655
96502863312
96517847457
96520656986
96543575297
96547126322
96551000977
96551087602
96551727984
96562198208
96566860426
96573233062
96600205230
96605244886
96616276559
96616314036
96623433453
96629094796
96658047835
96658258248
96662319898
96667992893
96673546567
96682509816
96698670855
96713412112
96721356761
96725870541
96729567012
96748615075
96762676263
96772914249
96790190534
96791605511
96797546661
96797925331
96801422535
96802011590
96812634259
96818771115
96820820620
96826023967
96826063380
96826224154
96833063482
96835072438
96836397221
96838367775
96840121160
96847295805
96848259999
96851510296
96865493955
96866954712
96871677562
96902571381
96904853024
96921825540
96923374582
96926963506
96928060404
96928445296
96963331033
96964254088
97005000028
97010481971
97055625937
97061484236
97064433529
97078620760
97086283721
97100517684
97100963682
97102413989
97107469897
97111540729
97118209516
97125778416
97133821147
97134409572
97157708145
97189077032
97189319914
97215292002
97223329471
97223506995
97224306615
97227664973
97232531241
97237452456
97252861811
97253191573
97256159556
97259499971
97261479696
97270943653
97277180557
97286646446
97289117292
97292982168
97294002071
97295587325
97301543384
97304625231
97315373316
97319700831
97345624786
97351543188
97353318445
97357763034
97409100202
97425467962
97435420819
97529694268
97556197534
97574617085
97581624418
97598376362
97602884047
97604521348
97604539345
97626487717
97630632039
97633566192
97648905707
97658181264
97658286838
97659427673
97665489628
97693209174
97697751168
97706355911
97723183514
97735462120
97742913845
97777011614
97800762405
97811929297
97823402354
97837494541
97843621277
97847871184
97860876218
97867615298
97871802645
97874967546
97880329500
97882171875
97890368577
97904465101
97909992890
97919304059
97932817741
97953952849
97958991141
97960386694
97961879522
97965295732
97965778522
97970254508
97972920184
97973435366
97995039858
97995349118
97997236980
98006573801
98009510033
98023810772
98028473737
98037878840
98045818281
98049224031
98057784894
98084628807
98093125399
98100950879
98108204541
98109561495
98131476499
98134892725
98138976750
98140866848
98148242420
98150619238
98168676058
98186481504
98186674220
98187566200
98194007793
98194561103
98220394468
98253712370
98275135193
98283996311
98291001486
98294013852
98299206839
98300920273
98339366067
98346799725
98351247903
98359224787
98378663353
98396569547
98397562593
98416564120
98419520083
98468447440
98473514242
98475580141
98478540277
98478692181
98483573025
98486793724
98489472784
98495270578
98513044391
98523045105
98528314992
98531674437
98534048224
98539645147
98540728624
98557083015
98581945852
98607561607
98608433054
98619331764
98624729951
98625897979
98648571656
98667181040
98669227079
98674185726
98689904297
98695810340
98699249091
98704396690
98706529613
98724250594
98754370915
98766826353
98787010881
98800531285
98870026522
98870688781
98871918877
98886159821
98893422711
98906046498
98929350271
98929365671
98934811070
98936410339
98944355483
98951746156
98952485392
98965397134
98966254777
98977237814
98985961568
99021305049
99021385330
99033017418
99035209653
99037411702
99054322224
99058692413
99059650191
99070823079
99103538232
99110072183
99116469849
99117748551
99128549025
99138528992
99141890509
99190904798
99197075927
99204810149
99213404328
99215265336
99221421432
99240290364
99248287911
99260835874
99261881821
99265941111
99274952448
99311011936
99311089222
99311344429
99319951148
99328627907
99333483750
99357706711
99368057795
99388372630
99392830670
99424612000
99432683311
99433781178
99433855415
99434259694
99438193377
99479754356
99482223681
99490554637
99493479568
99501034903
99567286550
99584499779
99586325306
99588156802
99592663631
99621090391
99628743023
99636153473
99638772747
99638901973
99639615704
99648536956
99650971742
99653041169
99656259782
99665576303
99686797088
99689817349
99704773009
99720064740
99734321408
99737305310
99738446428
99740735126
99769537168
99777932699
99779364483
99790718610
99801381753
99815732589
99821730095
99827821446
99832387613
99836084682
99858416363
99885672009
99899809617
99906497179
99910876935
99914812819
99917563895
99943999876
99996961203
99997701690
100020658088
100032863339
100041401966
100046785109
100047541744
100055257101
100057194423
100057230424
100057983844
100059406834
100059889603
100064657851
100071114786
100072052296
100081668503
100082226684
100084561278
100088727695
100089124724
100093242349
100097271025
100131181095
100138761287
100144406643
100146835325
100163260127
100164554622
100166407793
100200184566
100203342545
100232832405
100243010798
100255838604
100263877845
100267958672
100274797111
100282363902
100344747322
100361400440
100362535291
100363194151
100369231224
100370421614
100372715526
100372727129
100388621525
100403414524
100412240769
100415615814
100415814626
100419663004
100423548903
100438944044
100446245676
100456052998
100461506716
100477466297
100478423299
100484278930
100487222584
100530869989
100580098391
100589231748
100591839369
100600548738
100622983912
100677191671
100688770071
100692895434
100693793576
100697814063
100700500107
100701417394
100703318082
100716370271
100716993108
100719765589
100724568595
100731775355
100734716266
100742328187
100765863138
100771945104
100775011854
100800814677
100837655649
100838383499
100842093239
100846019033
100849297810
100878088016
100925057677
100934146051
100938750620
100948543402
100950816819
100960011952
100969941555
101007155757
101022202742
101026526002
101031799617
101040698460
101069285173
101072146724
101074317476
101083561407
101093591161
101098108284
101098211083
101107312484
101114910974
101118040932
101125449771
101129687288
101148956205
101176882980
101182002691
101188994046
101189112496
101189947055
101194912986
101198098223
101203245273
101203736924
101210109906
101210549215
101238585280
101240199023
101244776267
101248621381
101255783775
101258340818
101258806166
101260470181
101273625253
101280496904
101286138748
101289087265
101296128771
101304935448
101309662351
101314602555
101327274087
101340455904
101349534081
101381933056
101383887890
101388188841
101394667875
101403549220
101407222445
101408341179
101410412012
101410881423
101441411841
101460765845
101462522730
101483889316
101487838385
101515108762
101517413537
101521353111
101524911696
101527968407
101529858482
101535586478
101535975693
101536817439
101553909854
101562030579
101562160976
101562579703
101572459242
101576933543
101595520161
101597841578
101600043733
101611626319
101613381502
101613867194
101620581326
101626266989
101649581312
101651484621
101656073308
101674447445
101678081196
101679166825
101686804820
101688576264
101692500553
101697534791
101726310558
101727570841
101747469395
101747679448
101748969186
101755792425
101762978025
101763522173
101769395246
101779204334
101779705764
101780826051
101784556198
101794044163
101796964509
101797800752
101798501976
101804634166
101817632427
101817634257
101818540518
101823452075
101826209200
101829806636
101837512999
101850578734
101862667991
101865823627
101865887817
101868005196
101884229966
101891972800
101893014341
101893461488
101899391814
101899670818
101900540213
101903218494
101906965040
101911675918
101915920851
101926074115
101934788797
101935093265
101940273981
101953686203
101954273793
101954969440
101958086643
101962941822
101963577425
101969930026
101982144163
101982861080
101983232175
101987600330
101990721453
101992959209
102016285505
102049863390
102052633939
102055931317
102062016570
102068357290
102069324943
102074185381
102076045148
102077383985
102080287724
102122511249
102130342429
102156177700
102157180925
102157618848
102161750536
102168395017
102179344115
102180043988
102187274060
102187571750
102222697903
102222704740
102224270973
102226031461
102226355767
102246222327
102252993377
102267931592
102269017585
102269336321
102269977857
102277184544
102285849917
102292978727
102299296153
102299896787
102305180796
102306657880
102307234725
102308820739
102312473765
102344652443
102345348424
102352340549
102363333553
102381563702
102386477320
102393310351
102409591073
102416907444
102421111233
102424708084
102466360390
102487830905
102488224723
102488873481
102490950240
102499440278
102511645055
102512087064
102539718447
102546738847
102557309132
102571373470
102574980941
102577307097
102577510729
102582462992
102583294866
102589238824
102620499997
102634454531
102635027627
102636335609
102648806253
102650030433
102652282390
102652550163
102655066525
102655708909
102656931729
102659207114
102659915453
102661257225
102661987826
102662389380
102663538916
102667012325
102692358487
102697241648
102701722639
102704179044
102705275380
102708611220
102744294192
102754245897
102776265170
102783552775
102783783942
102805929959
102807599258
102831029400
102838808411
102861787884
102866849191
102890956804
102897080054
102903906375
102921918852
102929595407
102931634812
102933395891
102940739150
102957785986
102970140440
102972659752
102973716508
102982960402
103000189129
103017549932
103021704055
103033796884
103050919600
103060983433
103070353280
103108408058
103126743617
103145813047
103150556163
103152208006
103162314441
103168896456
103204164931
103208487083
103218601379
103227659062
103237798969
103245549485
103247546379
103252972436
103266224510
103269701241
103282026923
103298671413
103311175917
103350125927
103355953386
103356651109
103360147470
103384777362
103385729825
103391803824
103394904470
103395160116
103429813472
103442726623
103455804995
103463185962
103463462733
103473895372
103480155826
103485731076
103501560077
103505145078
103514998376
103522133536
103541784049
103558501370
103558732328
103565446631
103574237842
103586669780
103593855314
103594159501
103595834686
103600654544
103601231391
103603769907
103605300544
103607404773
103609776630
103612159755
103616059360
103618521653
103628316483
103632627416
103638143461
103638889901
103644983972
103658032782
103661248089
103687792238
103694138786
103701979265
103708045320
103711935734
103736391278
103748148077
103752991685
103757218621
103762037534
103787145855
103790799877
103806821176
103822293743
103826611790
103830352851
103836290981
103852200425
103856769424
103868522250
103879996961
103883943715
103893502270
103899230334
103911166599
103912811112
103933847846
103969263102
103999858587
104017499182
104018954079
104024734038
104028332856
104029960866
104040988760
104061252692
104064046248
104074699036
104084519118
104096535970
104106507019
104132442808
104140313863
104142992653
104161579092
104182020737
104185453376
104196138253
104197064413
104203790071
104216786117
104219719669
104237405213
104244736527
104245216162
104253835871
104269753457
104284121478
104285427799
104300531067
104324869938
104328520917
104330194410
104341875702
104342782430
104379086394
104388019408
104396357002
104402243472
104406497301
104410148110
104423231197
104428878974
104431221981
104434679321
104436605275
104441461405
104461131984
104469318868
104474637313
104477515652
104486951433
104486992979
104487902501
104504898935
104523106910
104535419914
104544143460
104549524926
104597756865
104598657676
104599996887
104605305999
104607403808
104626709453
104631930725
104638058876
104645542169
104648221896
104650854062
104653545695
104656167598
104663958714
104666690583
104675420145
104676564114
104681032408
104681786064
104682686482
104687705972
104697185048
104704468045
104708961695
104722048987
104722236524
104728911424
104745256164
104746374911
104749324811
104764113295
104768187188
104771703657
104776528508
104777203254
104778090865
104781248151
104783830347
104801609014
104804634394
104805138251
104820457163
104847771294
104849537552
104850604469
104861960667
104876409901
104876420344
104882365154
104887932140
104910554284
104914850011
104934324702
104937244314
104940819540
104941099618
104941866460
104972859204
104977348209
104988284899
104994093145
104999297014
105000804292
105001361546
105006830001
105009379464
105010504838
105015876545
105016430366
105019439626
105022896049
105032871085
105042020949
105044163841
105052846773
105058236252
105071012783
105080246953
105081828564
105084633074
105086872287
105091811807
105094809269
105123271623
105127280374
105133971447
105134882568
105143767738
105144563986
105149774291
105174699533
105179092017
105191148510
105192469724
105206994835
105207372515
105212669676
105227772391
105227981903
105228355571
105233205926
105236243171
105254419090
105262120232
105266075751
105276249324
105284649171
105285570923
105305522317
105320990227
105322712735
105325752570
105328500252
105328602465
105328727994
105329887107
105346235690
105347455858
105381256587
105384150834
105385208456
105387810264
105392114412
105398928468
105412074598
105427916191
105430525324
105438435010
105441486812
105471944893
105482842049
105496034005
105515239649
105516809810
105519892250
105536544992
105536726159
105537580470
105537620400
105541868617
105542263677
105544813835
105563578958
105576358268
105586533181
105593205735
105593250231
105596267361
105624198109
105636371310
105636480961
105664464990
105664578261
105664583688
105666785049
105693788485
105714538352
105725844172
105741387221
105741517301
105745006990
105752196026
105768347558
105785801442
105790307208
105792541276
105822411951
105824030471
105859214730
105904676892
105917338667
105924700573
105924793059
105940600281
105945146047
105945861511
105946269605
105957181598
105968139284
105975830223
105984963989
105991315512
105992037798
106001266444
106001773091
106002244165
106005163185
106023778882
106024805109
106025571274
106033672682
106055393195
106055939095
106056671938
106060809525
106063146851
106065875187
106069410493
106072449839
106075913971
106082771817
106086573810
106087835576
106093873921
106095217290
106097527823
106103804005
106112845083
106117529975
106118582843
106124342748
106125321707
106136649673
106145130629
106156895394
106160341209
106163594521
106171178522
106173531292
106176149972
106179949223
106199818266
106201304739
106206863338
106210259017
106212773288
106212824083
106214541291
106259465804
106275915625
106323811121
106326092294
106328949590
106329377285
106335314918
106353395547
106385953782
106387174770
106388560082
106388607976
106391690323
106393911206
106394225248
106413579963
106416433827
106476594008
106483983799
106491082626
106522013999
106528360816
106528584031
106530882249
106530967108
106535023313
106577101519
106583498364
106625560184
106625712963
106634170772
106637223111
106640863318
106646469861
106652897153
106657898534
106658446122
106660191422
106666824670
106667620190
106678908919
106680704004
106694368774
106707408677
106709562837
106715208611
106722405216
106722908981
106764042890
106767974928
106768784898
106794584360
106804992609
106806372320
106813259819
106814128529
106814444974
106830885549
106836089745
106845846649
106849877630
106850112759
106866259062
106869640687
106872140808
106887162540
106894716476
106916596081
106917822060
106917861718
107657678677
107694359211
107697355664
107702512985
107703302155
107712759860
107729506843
107735225673
107736098544
107743056849
107746297027
107751748939
107768809679
107775889633
107781438532
107794316704
107795440652
107855836193
107870546531
107872978649
107882152514
107894092597
107907710227
107921394922
107921557058
107924846687
107925638507
107931545821
107931971015
107946616952
107947751517
107949630186
107949809495
107955405820
107956483238
107956968075
107969157868
107969468449
107970238596
107973379699
107977727960
107994280621
108001269646
108006378010
108010311510
108010426243
108013172273
108044352967
108058632441
108065217731
108072598166
108076733029
108106278817
108125045982
108160275070
108161539033
108164254296
108166303662
108180180803
108185803979
108187437610
108204888351
108215108113
108218687613
108224693597
108239094518
108243589229
108263159767
108271776868
108280672340
108298488287
108307263600
108307281264
108311069659
108311557947
108315830210
108319056992
108320481757
108325869693
108328251735
108360482376
108360909762
108372967508
108431829391
108434699131
108455039470
108477948641
108591994660
108598782548
108600892429
108614741306
108614783430
108616068127
108627891235
108636096020
108651647880
108656248227
108664817050
108676022950
108699999032
108714446469
108726322723
108727600688
108784137273
108790773412
108796370786
108806774086
108829877878
108841187985
108896319733
108897774452
108942227245
108943342700
108952156997
108955593283
108977732486
108984496887
109003566792
109004189750
109005669243
109008798036
109011060438
109011642097
109012749665
109013163187
109049347053
109050767326
109058432555
109062651486
109063997797
109070739891
109072677981
109090640891
109091940535
109092252243
109108481891
109125094974
109140488814
109154902678
109155582823
109156973345
109159893345
109164183620
109178348574
109181009063
109198925621
109215746728
109220687751
109249116488
109251258761
109253509221
109257911480
109273444707
109276140129
109281536937
109282882751
109285968650
109313012991
109331462727
109331817308
109344134254
109402125224
109402525246
109407051856
109410209246
109433588365
109440661415
109446157087
109469393569
109472928778
109482008881
109482086472
109488203448
109489196513
109493496117
109494446111
109495088029
109510065359
109513110941
109539088664
109543026971
109562654777
109588154702
109588575019
109633975369
109638211803
109638304194
109639635068
109642315204
109644215123
109646866242
109662216507
109667083833
109667275850
109669817083
109681438535
109700076506
109703535525
109707460906
109714809601
109721206337
109723023446
109725515164
109756590504
109762236315
109763092775
109763413835
109777130742
109789560713
109805977769
109821103965
109824421966
109825474494
109826107731
109832526946
109861153461
109866359017
109872933374
109881429162
109905921537
109910085704
109910293841
109910690010
109914497868
109914546997
109919749057
109922789751
109922830405
109923187584
109935705868
109959829348
109960900674
109962446056
109962974764
109963239709
109964264178
109971284386
109976987505
109980074729
110014154621
110015378154
110023521705
110031785230
110063900074
110066619838
110071604655
110073898362
110077651488
110082200679
110084191864
110100612863
110102719309
110119407879
110119628820
110123238367
110124040067
110126127663
110149510231
110171113888
110171223796
110190012210
110211733200
110214333378
110217857402
110219622332
110221376230
110223128822
110236195400
110253880107
110257853651
110258592169
110259163197
110263057286
110265088416
110268263622
110273004653
110275455509
110275575064
110302650063
110305546719
110306057510
110307682368
110307916691
110312404395
110315081018
110356061820
110356418430
110357568790
110366310015
110431994824
110436147043
110442325525
110446364253
110474538690
110475794195
110477556879
110479172574
110498559636
110503144365
110521337126
110524488343
110541851171
110572604474
110583991773
110623470625
110625456774
110640407744
110642683697
110657633983
110659289373
110670831978
110682551897
110688143251
110715465979
110734127911
110736438303
110736460231
110766750647
110782366150
110784625340
110797212468
110815209007
110815333527
110817049591
110822749768
110824547703
110833988564
110852672264
110854098005
110871284996
110874701214
110878945323
110889025831
110924130411
110927126381
110929530711
110931196160
110944502591
110998031494
110999532350
111000570157
111014576382
111016830050
111020921686
111024369312
111069362635
111088542753
111104601288
111107119667
111136209959
111140449948
111156953210
111169223592
111181412838
111203618824
111217311059
111234020586
111237024965
111241983872
111271427520
111292446128
111305735119
111310710669
111312630215
111332132419
111336266640
111338273107
111372977842
111376329236
111380907498
111402636175
111404352425
111408988187
111412067365
111421296975
111424174425
111448821603
111463910039
111467784871
111468182397
111474313693
111475751451
111478442927
111495551255
111519205915
111521472366
111522277399
111522809174
111524338773
111524612458
111527072907
111528011422
111528046239
111531631655
111532621992
111534216345
111549779224
111549977685
111552190533
111552207607
111552949542
111553046423
111553118421
111553129921
111555363485
111573685930
111579741120
111580917261
111581576761
111582570247
111584624513
111591544736
111595218258
111603455631
111603898494
111606392207
111608337414
111611737134
111612685349
111616887014
111624405687
111624717483
111628666343
111629191939
111632762007
111634633496
111642454832
111643569192
12783346793101
12814138745575
21612781648173
21618839528027
21626350482492
21633345522871
30380860378280
30382369279111
30400357609528
39201919731740
39204080062868
39210205315083
39214949609747
39230854924398
47973917004039
48009686025800
56797153998887
56805638028109
65572747358643
65596706533960
74390844487223
74411723470276
74412805068206
83156667206596
83163486623229
83166994637709
83169962376839
83173821394180
83174437685372
83181626985853
91977655793468
100765243284973
109577621486749
109586198301228
118341766223480
118360737320046
127189637673368
127198809564395
135930790282076
135947092501915
135949960875860
144763878653084
144773264454923
144780358593403
162347846745036
162351336925847
162375130953099
171134318815463
179974351370557
188726816290078
188730415264104
197536073124045
197556146814398
206300930381939
206306060276300
206334601464428
206336789068749
215126636758020
215128603367828
215139704644311
215147790736924
215149537404811
215158729215763
223890790947683
223924650252173
232717937307134
232718049482779
232719878198920
232720212440611
232726197188989
232732141560558
241503011092443
241505651658526
241514398880983
241517605423348
250335315625335
259079813471524
276667589475780
276678855899320
276681390821111
276693856559975
285499183079240
285502379656252
285502464070749
285507606822363
285511626014199
285515769723667
285520136248765
285524996144267
294258321917892
294273295581735
294274742897006
294284878428935
303112946727063
311861585909020
311866440034110
311871029912388
320695888257219
320707252722579
320713197628068
329444580396599
329445349527227
329454425484915
329473528445620
329476671285940
338275717887534
338280626009879
338305093746404
347047699953556
355863302506263
355865344082663
355867276611988
355880958441875
355881034454749
364662159063918
373478129148072
373481706101223
382246300943070
391051278551694
391055136001947
391056182217870
391064616448381
399811659972439
399824170531644
399833429709243
399839057163596
408636280800748
408637029759710
408638422519867
408642393474263
408668180593341
417404716329741
417410374439501
417411579519741
417421403619643
426231990326931
426246558462711
426247619611091
426251102993166
426263293462956
435007205946510
435010827203812
443822858319924
443831665306910
443853546470252
443858247751908
452592030721821
452626772931406
461418517234254
461423528393187
461424929549720
461429079019236
470179148995773
470180566937236
470191267908830
470196516825351
470200864222219
479010523449660
479041869856301
487780296956908
496611357106955
496625282450126
505379953586355
514222710864628
522961055391239
531787584378755
531818445542126
540554926239539
540557073460231
540589018846323
549389692310467
558151355873140
558152573794636
558156791162029
558180182539268
566973159184270
566991847692088
566993895307037
566995773818103
584560087405197
584564562738939
584577664685004
584581574564248
593333614026216
593367299524279
593370910043933
602151078595172
602173074583356
602186807514420
610919920968237
610940304237117
610944342566011
610947079876942
619751797425799
619759962172189
619761416278580
619764821011255
619765519358124
619767943669848
628536470405304
628542135338387
637343225616135
637352144548344
637353209902068
637365918118340
646103832476395
646107527391400
646113177378316
646113464946964
646114089900652
646118091784515
654939593377438
654963013060974
663693355399559
663693652920156
672532158232888
681286825414702
681297182466126
681299262839453
681312815155678
681314418958660
681322630351220
681330714348267
690112448954739
690121316515565
690125444228414
698915109999368
707714799642931
707715471772523
707720150255294
707722543379646
707733876653236
716476862184996
725297796490551
725299924315660
725313648598183
725317655728412
725325412829979
725334006180664
734065895671655
734071857623309
734078619887036
751660152664935
751666579651628
751681783990963
751682122682435
751685994817950
760481133106044
760491773005067
760497065441243
778076511281438
786881660067564
795679648136199
804442740890061
804467562003240
813259389409643
813267920357799
813278988607340
813292975038167
822024333700990
822037092500759
822037199198436
822044138145620
830859101343531
830864726436535
830866538639556
839632485090077
839633231417963
839641030730700
839652282205944
848446238237101
848446691230796
848459031647357
857209883861532
857210041926347
857213606824638
857231791236940
857249372202020
866039565124157
866042455793444
874808874376814
874810173038148
883626741862264
883655064952571
883657474837012
883660672997128
883662630425320
892401890889464
892421672011390
901229479736036
901242655081501
910031249743021
918814874936350
918832096226996
918833472757028
918846131148820
927591689369815
927593313342071
927603296580381
927603300253335
927617423512407
927619287091710
936433896141675
936436604352788
945170761391507
945179235193260
945183408526187
945195083903607
945199319359779
953994833040907
953995534277143
954000750947660
954006223993304
954018794046536
962765614225678
962772008451949
962806667806413
971588750553915
971605439945931
971619178914684
980357887571419
980357922958285
980364945529949
980365361813005
980367919296100
980373395744347
980379058571603
989185132727251
989192647356875
989212163179979
1006772744099149
1006775534369198
1006792485387559
1015553934504084
1015558542217101
1015564583834531
1015570548399991
1024363548645939
1024388594669955
1024397955305005
1033137045117543
1041958898509811
1041959278878299
1041960786731435
1041963870850596
1041967699206459
1050721289778596
1050739299070439
1050741190965064
1050750099133235
1059557735929566
1059566009463320
1059570220277367
1059579021501864
1059585005468328
1068317042547255
1068336202917811
1077154987384108
1077164468347229
1077168823348253
1077173760298339
1085936149990206
1094737620902619
1094746477693399
1094769040694259
1103498639312788
1103513574705947
1103526818229687
1103529057202856
1103533243370475
1112323761651467
1112358053217684
1121097875730333
1121103184930343
1121106065107259
1121115118240093
1129924812349853
1129927832245757
1129936485362083
1129936751178355
1129949377857843
1138682585682301
1138709987341373
1147534619185212
1147534710421667
1147542575266139
1156283354582068
1165111646763747
1173867001035182
1173892895607063
1173902710279319
1173910428849596
1191469085629396
1191471933294675
1191473265250908
1200298507117931
1200302452386584
1200308555618859
1200311205632924
1209050586431363
1209073209713101
1209086145484637
1209088879362051
1217903414740254
1217909347582883
1226668650017451
1226681690366984
1235472542351027
1235482493856302
1244240774957864
1244247376276381
1244254043914072
1244265483874536
1244266541104542
1253063046993620
1253063101525883
1253068084881460
1253098688874156
1261834242892078
1261835763591310
1261837464911740
1261847492175815
1270667279336516
1270671229847323
1270690183391716
1279437721569644
1279448745251828
1288252039378030
1288252281852627
1288283912148430
1297011951538035
1297017945466284
1297017984267773
1297021249524845
1297028349171159
1305865334032740
1305869010348700
1305871466901260
1314609456221191
1314616494530647
1314625322495180
1323460365912520
1332196938360820
1332204827586675
1332215348998355
1332221397436724
1341033609701736
1349799846884008
1349809522884221
1358627864326771
1358630574888124
1358641283474344
1367392343300590
1367404779419259
1376208625861470
1376213279451175
1376223152576311
1376229147810563
1376236216011757
1376240470596974
1376244424771037
1384979518195604
1384987799591230
1385014962163075
1402582377957076
1402602160142443
1411396028076173
1411397983148379
1411414015881363
1411423813252828
1411423870915982
1420170789130420
1420176269781032
1428987037354780
1437764657886536
1437784143824743
1437786639447580
1446592234928894
1446596638412067
1455347718175347
1464178021769368
1472936394628475
1472939891897352
1472949776822388
1472970293521742
1481769563195091
1481787285178206
1490536700850408
1490539160281643
1490554337367451
1499355419517627
1499380818651572
1508140164062846
1516970967839115
1516972701915476
1516973106934243
1534548733598013
1534562794474763
1534572667602860
1543302313680635
1543302316827156
1543309048943148
1543311119623165
1543314146858828
1543321932538268
1543322682013037
1552134045719031
1552142145692244
1552156304874508
1552159233541683
1560916425968446
1560924348759191
1569721315243547
1569734674356395
1569753113562667
1578487747192347
1578493251164669
1578496149957614
1578514091093139
1578521888568045
1578529031983956
1587314341196899
1587319798250259
1587328368000628
1587328685185387
1587338998188222
1596089986190291
1596091828798286
1596109205279191
1596115915643368
1604929705478780
1604933651016092
1622497245014651
1631272650673220
1631284304287496
1640101018613764
1648860534936107
1666448256671620
1666452803554845
1666459220847628
1666459840556055
1675299938375723
1684042266190429
1684077898370011
1692866956507099
1692869830391304
1692874742958200
1692892382901960
1692896794510328
1701634277648515
1701646115028535
1701656317931597
1701666563557528
1710458550360363
1710483858537127
1710493245384077
1719257671152654
1728058916348984
1728065152498331
1728068087976420
1728088177129764
1736827920192596
1736828888553752
1736829316380595
1736832914555591
1736834069563132
1745655498811614
1745660448085875
1754411962736684
1754420891096797
1754436667708468
1763241381076125
1763257787880355
1763268296451379
1763272846745805
1772000493964999
1772007046781255
1772010188583864
1772014397826871
1772016094677180
1772016205828796
1772020149001059
1780853089255096
1789593438390459
1789596966861523
1789600911342797
1789605159382718
1789610818016948
1798424331293004
1798433144057756
1798439596996532
1807196759794295
1816035017112899
1816035995682552
1816049559538456
1824783556154339
1824794872649709
1824795973129703
1824800770112302
1824803322864332
1824804812888679
1824819946195915
1833604183753693
1833623237953652
1833626497985796
1842383275962923
1842383299296471
1851205133806947
1851224913085975
1851232015096888
1859965368415051
1859984293630939
1859991938802264
1859992317862379
1859995129089740
1868787486828476
1868805494542659
1868809396554376
1868809806555379
1877578105228707
1877584806164632
1886386061319164
1886398113922660
1895154497100621
1903997346646316
1904001597318635
1912754112566957
1912754465421387
1921576452756494
1921596972612396
1930340201147715
1930341992369384
1930356847804590
1930370737774188
1930371034002508
1930377750151693
1939160860198156
1939173857565052
1947922732429447
1947924956454110
1947952267928779
1956755782778269
1956785570711299
1956786276143332
1965521452142807
1965523432126974
1965533093182712
1974351616024317
1974356760079822
1974378747150014
1983123057545716
1983133319703324
1983142247535822
1991965532764515
2000730159332712
2009548556864471
2009548963720936
2009555789428765
2009557541064299
2018291831809739
2018304295965342
2018304338956781
2018305653869565
2018314232537147
2027124141074071
2035919184466877
2044711050153203
2044724628691709
2044742244769517
2053479792392676
2053488054907213
2053488304985004
2053492130455980
2053502538627608
2053504594362091
2053504672214535
2053513465315101
2062305697208743
2062308903750728
2062323690251885
2062329688631572
2062339446154219
2071068154799059
2071083340282828
2071097191434040
2079922428578099
2088667797265310
2088679070765096
2088682314022093
2088703995154904
2097511258405822
2097521518974003
2106255307702493
2106263821878612
2106275928217438
2106282154922893
2106290786019996
2115090373163501
2115099232842072
2115101083320163
2123849057707182
2123881241644941
2132681624659799
2141467768005211
2150271513526931
2159036863097339
2159037889388324
2159049212958644
2159064395028829
2159069068002807
2159072677993707
2167864211289716
2167866261767396
2167870545475597
2167881606105518
2167885716527300
2167890318460996
2176632490041709
2185473238776423
2185478184377172
2194222746186686
2194242842136589
2203073909885979
2203074421595789
2211813322397181
2211813423589068
2211837087063700
2211842092706124
2220651946188030
2229397715690637
2229397833910315
2229417397205373
2229440670342926
2238234654945780
2238245359062619
2255818286177421
2255824654435667
2255834874134279
2255840999386955
2255844289027980
2255851366654327
2273426033878844
2273442606101303
2273443543255096
2273444570609982
2282181389719517
2282188079371816
2291006705515703
2291011648764372
2291016000090167
2291024444527677
2291028880269677
2299769365734083
2299770866768471
2299775762568451
2299777244996644
2308594462896270
2308599824794813
2308608999557799
2308611851423614
2308616219801432
2308622075569640
2308629492141431
2317372232043384
2317374387391966
2317383137245339
2326191667161595
2326200557505672
2326210540483277
2326216096896104
2326218497074483
2334961148109331
2334962990195467
2334981906776643
2334991261634062
2343781514877668
2343801518304232
2343807708572872
2343814249586779
2352546214327367
2352552320438152
2352552657297923
2352554460853192
2352565687694780
2352576473086684
2352578519121533
2361389799974947
2361405453117047
2370139483275268
2370142475922947
2370142673321630
2370143808657896
2370146984529549
2370175385739547
2378997050643101
2396570355514387
2396580522245164
2405332897238173
2405341248096727
2414158197044638
2414164210355367
2414172128172500
2414182366200072
2422925693295691
2422928889102061
2422935483319700
2422936608978174
2422939096202429
2422945780346199
2431739795614164
2440510771042776
2440520725432301
2440529784085684
2449359373345245
2449361020398487
2458101877842219
2458114584486264
2458118875263688
2466925564930163
2466947690145171
2475700783677751
2475701406011101
2484514272314685
2484525187214024
2484537622009581
2484542984171608
2484547142551564
2493292628949640
2493296196467320
2493310909298094
2510872797513716
2510875193780419
2510891639643620
2510895104926334
2510895452006894
2510902556373732
2519699771366460
2519723014619309
2519733264983662
2528477337892424
2528484030159379
2546064849634749
2546073140476219
2546074755542503
2546079810469656
2546093606835884
2546094573107112
2554894668282711
2554901503949704
2554906688364199
2563649332848044
2563669827009367
2563670299912547
2572482717692375
2572502790841916
2572503920415868
2581255280404136
2581258867849356
2590069142064675
2598846708332743
2607675155423288
2607691214895611
2607694285910989
2616427741986584
2616438637474888
2616447793629827
2625261302186580
2625272282620952
2625290057812589
2634020184922190
2634021623038910
2634060131206205
2642854985078019
2651613390702568
2651623006410472
2651636138521208
2660440127322492
2660455669830067
2669222945633316
2669230634580125
2678041416044247
2678066511616012
2686797123955005
2686811940066060
2686818292608232
2695640035623076
2695657040126972
2704388545067475
2704415804103768
2713218314404179
2713231446770718
2713233616803774
2713243121359181
2713250642802459
2739580417086891
2739599153042107
2748398537549180
2748409145732395
2757167537720324
2757170442540535
2757179941323060
2757192544688076
2757192710366878
2765993507828468
2765994833747550
2766010637358750
2766024557994456
2774795838305822
2774795863720244
2783589484727486
2783589878474270
2783602323752759
2792378602894667
2792384213300851
2801192787784568
2809964695923256
2809976454383875
2818773303966844
2818777842200891
2818799864393303
2827537108964580
2827543099485966
2827549050667853
2836366924721719
2836373662336012
2845127892801581
2845137146494135
2845140760927053
2845152887978360
2853952962167796
2853959835060851
2853977531627118
2862740228281012
2871567067382043
2880309423778279
2880312277483102
2880327827068007
2880331276629053
2880333067077716
2889140914369469
2889154797255848
2889169188426189
2889172489614279
2897910807665083
2897915649996472
2897917494960700
2906735577141341
2906752696193565
2906755129676199
2906756216269851
2906764265403075
2915507501805628
2915508355346542
2915508707407246
2915530167303992
2924337280333196
2924337296838468
2924338349606535
2933106050337341
2933106915949868
2933109770169421
2933113853051191
2941922568839420
2941936156815212
2941947517605708
2950678763542733
2950683074768093
2950686665080996
2950693979426099
2950704719470820
2950708917176691
2950713781791436
2959512616319672
2959517452078151
2959526353189031
2959533022644123
2959535605813863
2959541575103275
2968278780612718
2968307117327572
2977096899760699
2977103614314877
2985862793270732
2985869514905251
2985878768591214
2985884010429412
2994694736056707
2994704593979796
3003464577978061
3003487989540836
3012282617693203
3012284247442348
3012302532774807
3012312720220237
3021052912617140
3021058488149204
3021065215031949
3021075602737581
3021093936042302
3029873498522779
3029874125836574
3029875630542632
3029899692745166
3038643325501992
3038645145311437
3047490801374179
3047493884978205
3056251775760408
3056267038833283
3065069885206428
3065071569209628
3073825841349475
3073829489095980
3073830189799643
3073836598698110
3073849215950252
3073862791072676
3082667835795947
3082670275832412
3091435810991320
3091449228822619
3100243285780595
3100243974967451
3100250037814567
3109013176989659
3109013796163325
3109021630075707
3109028716616477
3109031429540759
3109042204980459
3109049653542740
3117851468379411
3117865837536141
3117867995510366
3126642110636308
3135443642626372
3135453558477276
3135457040009133
3144210938868788
3153017421178204
3153041119777556
3153043117587899
3170622631057627
3170640283836651
3179375412126238
3179381451133852
3179386842384963
3179396060685788
3179400533386636
3179402397751485
3179405324593047
3179409176005331
3179410675213259
3179416891700171
3188206738871293
3188224461912029
3188239927096347
3196984909630003
3205793968034775
3205798937243812
3205825398842887
3214562683527735
3214569674651816
3214604078418299
3223414730924573
3223418580773124
3232162327836051
3232163424376228
3232181663841624
3232197131903659
3240986498576572
3241011473812397
3241012190788839
3241012326574904
3249746376407619
3249748833738547
3258576390072424
3258577974199028
3258578386041421
3258590249358443
3258591021906875
3258599150468023
3258601203830427
3267345658155965
3267349505644892
3267375368777144
3276163969468631
3276168975364348
3276190653886638
3284958644548142
3293773917332227
3302527888006996
3302528230102212
3302564389205112
3311364141492072
3320115404745260
3328942007653731
3328952423428755
3328960476745131
3328972857809912
3328977566959032
3337726035244435
3346532735658238
3346533096895484
3346551288633860
3355311010493580
3355317486235518
3364138768404356
3364140678386823
3364148736957479
3364159672032445
3372904028598535
3372908921230797
3372911888705340
3381733819424158
3390482875431966
3390489370311278
3390496690415260
3390515264631293
3399310736108216
3399326440111532
3399340187464605
3408117110418839
3416906203937147
3416908406985819
3425682115011396
3434502889154669
3434519462951198
3434523831840116
3443273774409341
3452090463554220
3452098275452195
3452099418133971
3452103268500211
3460857181505219
3460882195548395
3469680620863864
3469712105154616
3469714845605052
3478444742018211
3478452317207635
3478453907372647
3478483986558675
3487269306251707
3487277309757668
3487280312105368
3487302874830942
3496045173543006
3496062204263240
3496063571865740
3504864587951021
3504868637280036
3504879726764132
3513628032509133
3513628584062715
3513661418123287
3513664107190104
3522461759444344
3522461853300852
3522486143033566
3522486150892708
3531231198977923
3531231900477899
3531232309421256
3540054341584824
3540058561847484
3540080070492487
3548827252692564
3548834417610620
3548834750277437
3548847494930318
3557649640597356
3557650001567038
3557653924293688
3557666216485229
3566404011833959
3566404274487358
3566412522599341
3566413459242771
3566432656308317
3566440750004115
3575255576347228
3575255915303884
3575256464764942
3575261579447799
3575267694480974
3583997620807358
3583997647260667
3584002906666860
3584011977892701
3592830636276587
3592853785423644
3601589731331012
3601592870765559
3601609536060348
3601615828812023
3601622718751459
3610418147233195
3610418931315448
3610435394477476
3619202506958755
3619207335380557
3619208132047124
3619209506470619
3619216916229975
3628015264478627
3628015878147320
3628029842831630
3636772467126995
3636802089661934
3645603500006947
3645606761072766
3645610230556100
3645624357752071
3654370881710924
3654374761697630
3654381837229243
3654385412350264
3663225104645796
3671979024975348
3671980053372380
3671985089155614
3671987101112125
3680800754630824
3689562334045800
3689565830776020
3689571198700715
3689575437054808
3689578180641187
3689584937930936
3698382218231660
3698382536443556
3698386183131971
3698400705122891
3698403133884350
3707157297498766
3707171481335747
3715971884254664
3715979671511628
3716001744567091
3716002759575671
3716003041651708
3724744272128292
3724750889692231
3724753053943035
3724768219505671
3733568589934478
3742327650132275
3742335671207251
3742337788812579
3742342351694683
3742347768897019
3751186001050876
3759934577316616
3768749819697486
3768760213451827
3768772556761758
3777518932341468
3777520840480723
3786360384404731
3795104491116004
3795112836479532
3795133849415067
3803940000367512
3803965691275262
3812696059544332
3821526187255971
3821529677179448
3821545182734781
3821554081211124
3821556534086760
3830301869480317
3830305234095758
3839131072609597
3839131742638567
3839138371733564
3839139865177031
3847882179882814
3847887227987150
3856707913004008
3856715092853068
3856735243603244
3865470825405789
3865474963349835
3865483181303027
3865491701502951
3865493345403628
3865504681560147
3874299465962766
3874306204905367
3874318939855676
3883069913970312
3883075364201239
3883075668546344
3883077778014509
3891903335244664
3900664305688935
3900672013513012
3900672443169133
3900687721432788
3909483131836299
3909491242319300
3909493321109672
3909508291109032
3909516063159645
3918249297445020
3918288971895011
3927079493568171
3927082710338407
3927101613812884
3935849717185811
3935851922337268
3944672503277204
3944684133298012
3953435213047869
3953441328084691
3953444427663181
3953445087753821
3953447181487051
3962262499630062
3971027333034952
3971031251302488
3971040436290664
3971048325513995
3979869280544942
3988618179779004
3988623424763806
3988640113375195
4006212752122203
4006223466734251
4015034703814332
4015035805349047
4015041983289304
4015044063137555
4023825169658476
4032633684103012
4032634379049150
4041400115019651
4041408505710397
4041414522438926
4050221001346440
4050232646841768
4050257057682023
4058997663469780
4059001401126590
4059021166252327
4067815970855383
4067820608167972
4067831295254551
4067848940166459
4067849310047012
4076582637156045
4076586167975480
4076592639251684
4076600079155811
4076603528191547
4076612985825811
4085407148679715
4085409166668781
4094179919542957
4094180572540188
4094212324209662
4103002138085261
4103016886575260
4103031804396995
4103033731947212
4111770547920347
4111784711033640
4111788667838862
4111799849327895
4120591912669308
4120599676855068
4120611630878099
4120623742988139
4129355693835048
4138204249719742
4138216363145275
4146947826136764
4146950346389547
4146966678735643
4155774798398077
4155790401479511
4155803777112408
4155807435331707
4164573234208071
4173370557211997
4173370783442212
4173370913722011
4173380051811351
4173399860453207
4182132172003869
4182154894118171
4199738986215163
4199748448558622
4208553926855155
4208567222807005
4208569717888188
4208570566181774
4208571134251220
4217321496774407
4217321545535671
4217341986475652
4226146805234236
4226175056747661
4234920182419899
4234944240430195
4234955068020103
4243739767215079
4243759424109755
4243765822231284
4252503137591844
4252509083810020
4252512031876904
4261325532825140
4261325774002424
4261327131123982
4261333227024824
4270091809333496
4270114055660531
4278920462730323
4287686733464171
4287687467735940
4287700184606840
4287718515545604
4287719658751080
4296509869790024
4296511183651788
4296531050497064
4296537372891988
4296541682795691
4296543049103836
4305294945168664
4305296889754379
4305297021080579
4305300282411747
4305301561681992
4314118568548115
4314128296976636
4314129966316615
4322880346654894
4322890531483838
4331697718695692
4331698418095576
4331710835071127
4331725783835230
4340471118180616
4349315367841507
4358059008730887
4358074970933892
4358091355719086
4366882000355155
4366896573978348
4366898813218307
4366901703350356
4366913955969021
4375644585079571
4375650130199678
4375654732150491
4375658008949431
4375661848302828
4375676617241181
4384479204355580
4384489167659191
4393241218649484
4393243428797796
4393262574211660
4393268175977195
4393271706529091
4402082370820404
4402095864422766
4402100449059933
4410836239007459
4410839898007684
4410848973693740
4410865654435972
4419660684987108
4419678590468684
4419680283134548
4419689463420392
4428428459652935
4428437414742188
4428438142460029
4428442675717479
4428442761176907
4437249160645387
4437250497316765
4437251950906324
4437253352599101
4437260298356382
4437272712189496
4437276263455220
4437277056436583
4437281998377731
4446034948524452
4454853227062440
4454864329645112
4454866291528676
4463629569361751
4472436587235373
4472444156918444
4472446234396520
4472446822137181
4472453239677020
4472457140122868
4481198265993550
4481216975737139
4490034177382763
4490035481556723
4490052779389085
4490057551972060
4498793729368206
4498796619774707
4498799972583581
4498801599715268
4498813529893779
