   4 100020658088
   1 100032863339
   1 100046785109
   3 100047541744
   1 100057194423
   2 100057230424
   1 100059406834
   1 100071114786
   3 100072052296
   1 100082226684
   1 100084561278
   1 100088727695
   2 100089124724
   1 100093242349
   1 100097271025
   1 100131181095
   1 100138761287
   1 100144406643
   5 100146835325
   2 100163260127
   3 100164554622
   1 100166407793
   1 100200184566
   1 100203342545
   1 100232832405
   1 100255838604
   1 100267958672
   1 100274797111
  11 100344747322
   1 100361400440
   1 100362535291
   2 100363194151
   1 100369231224
   3 100372715526
   2 100372727129
   1 100388621525
   1 100403414524
   1 100412240769
   1 100415615814
   1 100415814626
   1 100419663004
   3 100423548903
   1 100438944044
   2 100446245676
   8 100456052998
   1 100461506716
   2 100477466297
   1 100478423299
   1 100484278930
   1 100487222584
   1 100530869989
   1 100589231748
   2 100600548738
   3 100677191671
   1 1006772744099149
   1 1006775534369198
   1 100688770071
   2 100693793576
   3 100697814063
   1 100701417394
   1 100703318082
   2 100716370271
   1 100731775355
   3 100734716266
   1 100742328187
   1 100765243284973
   1 100765863138
   4 100771945104
   3 100775011854
   1 100800814677
   2 100837655649
   6 100838383499
   1 100842093239
   1 100846019033
   1 100849297810
  18 100878088016
   4 100925057677
  12 100934146051
   2 100938750620
   1 100948543402
   2 100950816819
   4 100960011952
   2 100969941555
   1 101007155757
   1 101026526002
   1 101031799617
   1 101069285173
   3 101072146724
   1 101074317476
   1 101083561407
   1 101093591161
   1 101098108284
   1 101098211083
   1 101107312484
   3 101114910974
   2 101118040932
   1 101129687288
   1 101148956205
   1 101176882980
   2 101188994046
   2 101189112496
   1 101189947055
   1 101203245273
   1 101203736924
   1 101210549215
   1 101238585280
   1 101240199023
   5 101244776267
   1 101248621381
   1 101255783775
   1 101258340818
   3 101260470181
   1 101273625253
   5 101286138748
   1 101289087265
   7 101296128771
   1 101304935448
   1 101309662351
   2 101327274087
   1 101349534081
   1 101381933056
   3 101383887890
   1 101388188841
   1 101403549220
   3 101407222445
   1 101410412012
   6 101410881423
   6 101441411841
   2 101460765845
   1 101462522730
   1 101483889316
   2 101487838385
   1 101515108762
   1 101517413537
   1 101521353111
   1 101524911696
   4 101527968407
   1 101535586478
   2 101535975693
   1 101536817439
   7 101553909854
   1 1015558542217101
   1 1015564583834531
   4 101562030579
   9 101562160976
   3 101562579703
   1 101572459242
   1 101597841578
   1 101600043733
   1 101611626319
   1 101613381502
   3 101613867194
   9 101626266989
   1 101649581312
   2 101651484621
   2 101656073308
   1 101674447445
   1 101686804820
   1 101688576264
   2 101692500553
   6 101697534791
   1 101726310558
   1 101727570841
   1 101747469395
   1 101747679448
   1 101748969186
   1 101755792425
   1 101762978025
   1 101769395246
   4 101779204334
   7 101779705764
   2 101780826051
   1 101784556198
   2 101796964509
   3 101797800752
   1 101798501976
   1 101804634166
   1 101817632427
   2 101817634257
   1 101818540518
   1 101823452075
   7 101829806636
   3 101837512999
   1 101865823627
   1 101868005196
   8 101884229966
   7 101891972800
   1 101893014341
   1 101893461488
   1 101899391814
   1 101899670818
   1 101903218494
   1 101906965040
   3 101911675918
   2 101915920851
   1 101926074115
   1 101934788797
   1 101935093265
   2 101953686203
   1 101954969440
   1 101958086643
   1 101962941822
   1 101963577425
   2 101969930026
   3 101982144163
   3 101982861080
   2 101983232175
   5 101990721453
   4 101992959209
   1 102016285505
   1 102055931317
   8 102062016570
   1 102069324943
   1 102074185381
   1 102076045148
   1 102077383985
   2 102080287724
   1 102157180925
   2 102157618848
   1 102161750536
   1 102168395017
   5 102180043988
   1 102222697903
   7 102224270973
   1 102226031461
   1 102226355767
   1 102246222327
   6 102252993377
   1 102267931592
   1 102269017585
   1 102269336321
   1 102269977857
   6 102285849917
   3 102292978727
   1 102299296153
   1 102299896787
   1 102305180796
   1 102306657880
   1 102307234725
   1 102308820739
   4 102312473765
   2 102344652443
   1 102345348424
   5 102352340549
   1 102381563702
   4 102386477320
   3 102393310351
   3 102409591073
   1 102416907444
   1 102421111233
   1 102424708084
   3 1024363548645939
   1 1024388594669955
   1 1024397955305005
   1 102466360390
   1 102487830905
   2 102488224723
  10 102488873481
   1 102490950240
   1 102499440278
   2 102512087064
   5 102539718447
   2 102546738847
   2 102571373470
   1 102574980941
   5 102577510729
   1 102582462992
   2 102589238824
   8 102634454531
   3 102635027627
   2 102636335609
   4 102650030433
   4 102652282390
   1 102652550163
   1 102655066525
   1 102655708909
   1 102656931729
   1 102659207114
   2 102661257225
   1 102661987826
   1 102663538916
   1 102667012325
   1 102692358487
   3 102697241648
   1 102701722639
   1 102704179044
   1 102705275380
   1 102708611220
   1 102754245897
   1 102776265170
   2 102783552775
   1 102783783942
   1 102805929959
   2 102807599258
   1 102838808411
   3 102861787884
   2 102890956804
   3 102897080054
   1 102903906375
   1 102921918852
   1 102931634812
   5 102933395891
   1 102940739150
   1 102957785986
   1 102970140440
   4 102972659752
   2 102973716508
   1 102982960402
   1 103017549932
   1 103021704055
   1 103033796884
   1 103050919600
   3 103060983433
   1 103070353280
   1 103108408058
   1 10310910111
   3 103126743617
   1 103145813047
   2 103150556163
   1 103152208006
   2 103168896456
   1 103204164931
   2 103208487083
   1 103227659062
   2 103237798969
  18 103245549485
   1 103247546379
   1 103266224510
   1 103269701241
   2 103282026923
   1 103298671413
   1 103311175917
   1 1033137045117543
   1 103350125927
   1 103355953386
   1 103356651109
   1 103360147470
   1 103384777362
   1 103385729825
   1 103391803824
   1 103394904470
   2 103395160116
   4 103429813472
   2 103463185962
   1 103463462733
   1 103473895372
   1 103480155826
   1 103485731076
   1 103501560077
   1 103514998376
   1 103522133536
   1 103541784049
   2 103558501370
   6 103558732328
   1 103565446631
   1 103586669780
   1 103593855314
   1 103594159501
   2 103595834686
   2 103600654544
   2 103601231391
   1 103603769907
   1 103605300544
   1 103607404773
   1 103612159755
   1 103628316483
   1 103638143461
   1 103638889901
   2 103644983972
   1 103661248089
   1 103687792238
   3 103701979265
   1 103736391278
   1 103748148077
   2 103752991685
   1 103757218621
   1 103762037534
   1 103787145855
   1 103790799877
   2 103806821176
   4 103836290981
   1 103852200425
   1 103856769424
   1 103868522250
   1 103879996961
   8 103883943715
   1 103893502270
   2 103899230334
   1 103911166599
   1 103912811112
   1 103969263102
   2 103999858587
   1 104017499182
   1 104018954079
   2 104028332856
   1 104029960866
   1 104040988760
   1 104061252692
   2 104064046248
   1 104074699036
   1 104084519118
   1 104096535970
   3 104106507019
   2 104132442808
   1 104142992653
   1 104161579092
   2 104185453376
   1 1041958898509811
   3 1041959278878299
   1 1041960786731435
   1 104197064413
   3 104203790071
   1 104216786117
   1 104219719669
   2 104237405213
   1 104244736527
   1 104245216162
   2 104253835871
   2 104269753457
   2 104284121478
   1 104300531067
   2 104324869938
   2 104328520917
   1 104330194410
   1 104341875702
   1 104342782430
   1 104379086394
   3 104388019408
   1 104396357002
   1 104402243472
   2 104406497301
   1 104410148110
  12 104423231197
   1 104428878974
   1 104431221981
   1 104434679321
   2 104436605275
   3 104441461405
   1 104461131984
   2 104469318868
   1 104474637313
   9 104477515652
   3 104486992979
   2 104523106910
   1 104544143460
   1 104549524926
   1 104597756865
   5 104599996887
   2 104605305999
   2 104626709453
   2 104631930725
   1 104638058876
   2 104645542169
   1 104648221896
   2 104650854062
   1 104653545695
   5 104656167598
   1 104663958714
   1 104675420145
   2 104676564114
   2 104681032408
   1 104681786064
   1 104687705972
   3 104697185048
   2 104708961695
   1 104722236524
   2 104745256164
   1 104764113295
   2 104768187188
   2 104771703657
   4 104776528508
   1 104777203254
   1 104778090865
   1 104801609014
   5 104804634394
   1 104820457163
   2 104847771294
   5 104850604469
   1 104876409901
   1 104876420344
   1 104882365154
   1 104887932140
   1 104914850011
   1 104934324702
   1 104937244314
   1 104941866460
   1 104972859204
   3 104988284899
   1 104994093145
   1 105000804292
   1 105001361546
   1 105006830001
   2 105009379464
   1 105010504838
  11 105015876545
   1 105016430366
   1 105019439626
   1 105022896049
   1 105032871085
   1 105042020949
   1 105044163841
   1 105071012783
   1 1050721289778596
   1 1050741190965064
   1 1050750099133235
   1 105080246953
   1 105081828564
   1 105084633074
   1 105086872287
   1 105091811807
   1 105094809269
   2 105123271623
  12 105127280374
   2 105143767738
   1 105144563986
   1 105149774291
   1 105174699533
   1 105179092017
   1 105192469724
   1 105206994835
   1 105207372515
   3 105212669676
   1 105227981903
   1 105228355571
   1 105233205926
   1 105254419090
   1 105262120232
   1 105266075751
   1 105276249324
   1 105284649171
   1 105285570923
   2 105305522317
   1 105320990227
   1 105322712735
   2 105325752570
   1 105328500252
   2 105328602465
   1 105328727994
   6 105329887107
   1 105346235690
   1 105347455858
   1 105381256587
   1 105384150834
   2 105385208456
   3 105387810264
   1 105392114412
   1 105398928468
   1 105412074598
   1 105427916191
   1 105430525324
   2 105438435010
   2 105441486812
   1 105482842049
   1 105496034005
   4 105515239649
   2 105516809810
   1 105519892250
   1 105536544992
   1 105537580470
   1 105537620400
   1 105541868617
   1 105542263677
   1 105544813835
   1 105576358268
   1 105586533181
   1 105593205735
   1 105593250231
   1 105624198109
   2 10563047146
   3 105636371310
   2 105636480961
   3 105664578261
   1 105666785049
   2 105693788485
   1 105714538352
   2 105725844172
   2 105741387221
   2 105741517301
   2 105745006990
   4 105752196026
   4 105785801442
   1 105790307208
   2 105792541276
   4 105859214730
   1 105904676892
   1 105917338667
   1 105924700573
   1 105924793059
   1 105940600281
   1 105945146047
   8 105945861511
   2 105946269605
   2 1059566009463320
   1 1059570220277367
   1 105957181598
   1 1059579021501864
   1 105968139284
   1 105975830223
   1 105984963989
   5 106001266444
   1 106001773091
   1 106002244165
   2 106005163185
   2 106023778882
   1 106033672682
   1 106055393195
   1 106055939095
   1 106056671938
   1 106060809525
   2 106063146851
   1 106065875187
   3 106069410493
   2 106072449839
   4 106075913971
   3 106082771817
   1 106086573810
   2 106087835576
   1 106095217290
   1 106097527823
   3 106103804005
   1 106112845083
   2 106118582843
   1 106124342748
   6 106125321707
   1 106136649673
   2 106145130629
   1 106156895394
   1 106163594521
   1 106171178522
   4 106176149972
   1 106179949223
   1 106199818266
   2 106206863338
   1 106210259017
   1 106212773288
   1 106212824083
   1 106259465804
   2 106275915625
   1 106326092294
   1 106328949590
   6 106335314918
   1 106353395547
   1 106385953782
   1 106388560082
   1 106388607976
   4 106391690323
   3 106393911206
   3 106394225248
   3 106413579963
   3 106476594008
   1 106483983799
   1 106491082626
   1 106522013999
   3 106528360816
   1 106528584031
   3 106530882249
   1 106535023313
   2 106577101519
   1 106583498364
   1 106625560184
   1 106625712963
   1 106634170772
   3 106640863318
   7 106646469861
   1 106652897153
   4 106657898534
   1 106660191422
   1 106667620190
   1 106678908919
   1 106680704004
   3 106694368774
   1 106707408677
   1 106709562837
   1 106715208611
   1 106722405216
   1 106722908981
   1 106764042890
   1 106767974928
  13 106768784898
   1 106806372320
   2 106813259819
   1 106814128529
   8 106814444974
   3 106830885549
   1 1068317042547255
   1 106836089745
   1 106845846649
   4 106849877630
  21 106850112759
   2 106866259062
   2 106869640687
   2 106872140808
   1 106887162540
   1 106917822060
   1 106917861718
   1 107657678677
   2 107694359211
   1 107697355664
   1 107702512985
   5 107703302155
   1 107712759860
   1 1077154987384108
   1 1077164468347229
   1 1077168823348253
   1 1077173760298339
   2 107729506843
   1 107735225673
   3 107736098544
   3 107743056849
   2 107746297027
   2 107751748939
   1 107768809679
   1 107775889633
   1 107781438532
   1 107794316704
   1 107855836193
   2 107870546531
   1 107872978649
   1 107882152514
   1 107894092597
   6 107907710227
   3 107921394922
   1 107921557058
   2 107924846687
   1 107925638507
   2 107931545821
   2 107946616952
   2 107947751517
   3 107949809495
   2 107955405820
   1 107956483238
   1 107956968075
   1 107969157868
   1 107969468449
   1 107970238596
   3 107977727960
   1 107994280621
   1 108001269646
   1 108010311510
   2 108013172273
   1 108058632441
   1 108065217731
   3 108072598166
   1 108076733029
   4 108106278817
   1 108125045982
   1 108161539033
   2 108164254296
   1 108166303662
   4 108180180803
   1 108187437610
   1 108215108113
   1 108218687613
   1 108239094518
   1 108243589229
   2 108263159767
   1 108271776868
   1 108280672340
   1 108311069659
   1 108311557947
   1 108315830210
   2 108319056992
   1 108328251735
   6 108360482376
   2 108372967508
  10 108431829391
   1 108434699131
   6 108455039470
   1 108591994660
   1 1085936149990206
   1 108614741306
   1 108614783430
   1 108616068127
   1 108627891235
   1 108636096020
   1 108651647880
   1 108699999032
   1 108714446469
   1 108726322723
   1 108727600688
   1 108790773412
   1 108806774086
   3 108829877878
   2 108841187985
   1 108896319733
   1 108897774452
   2 108942227245
   1 108943342700
   1 108952156997
   5 108955593283
   4 108984496887
   1 109003566792
   1 109004189750
   1 109005669243
   1 109008798036
   1 109011060438
   2 109011642097
   1 109012749665
   1 109013163187
   1 109050767326
   1 109058432555
   1 109062651486
   1 109063997797
   2 109070739891
   4 109072677981
   3 109090640891
   1 109092252243
   1 109108481891
   4 109125094974
   1 109140488814
   1 109154902678
   1 109155582823
   1 109156973345
   1 109159893345
   5 109164183620
   1 109181009063
   1 109198925621
   2 109215746728
   1 109220687751
   1 109249116488
   1 109251258761
   1 109253509221
   2 109273444707
   2 109282882751
   2 109285968650
   1 109331817308
   1 109344134254
   2 109402125224
   1 109402525246
   8 109410209246
   1 109440661415
   1 109446157087
   1 109469393569
   2 109472928778
   1 1094737620902619
   1 1094746477693399
   2 1094769040694259
   2 109482008881
   1 109482086472
   1 109489196513
   1 109493496117
  10 109495088029
   2 109510065359
   1 109513110941
   1 109539088664
   3 109543026971
   2 109562654777
   1 109586198301228
   1 109588154702
   1 109638211803
   1 109638304194
   4 109639635068
   1 109644215123
   2 109646866242
   1 109662216507
   2 109667083833
   1 109667275850
   1 109681438535
   2 109700076506
   1 109703535525
   2 109707460906
   3 109725515164
   1 109756590504
   2 109762236315
   1 109763413835
   1 109777130742
   1 109805977769
   1 109824421966
   1 109826107731
   1 109832526946
   6 109861153461
   2 109866359017
   1 109872933374
   1 109881429162
   2 109905921537
   1 109910085704
   1 109910293841
   1 109910690010
   1 109914497868
   2 109914546997
   6 109919749057
   1 109922789751
   1 109922830405
   1 109923187584
   1 109935705868
   2 109959829348
   2 109960900674
   1 109962446056
   1 109962974764
   1 109963239709
   1 109964264178
   3 109971284386
   1 109976987505
   1 109980074729
   5 110014154621
  13 110015378154
   1 110023521705
   1 110031785230
   1 110063900074
   1 110066619838
   1 110071604655
   1 110073898362
   2 110077651488
   1 110082200679
   1 110084191864
   1 110100612863
   1 110102719309
   2 110119628820
   1 110123238367
   1 110124040067
   1 110126127663
   1 110149510231
   2 110171223796
   1 110190012210
   1 110214333378
   1 110219622332
   1 110221376230
   6 110223128822
   1 110236195400
   1 110253880107
   1 110257853651
   1 110258592169
   2 110259163197
   1 110263057286
   1 110268263622
   2 110275575064
   1 110302650063
   1 110305546719
   2 110306057510
   1 110307682368
   1 110307916691
   1 110312404395
   3 110315081018
   1 1103498639312788
   1 1103513574705947
   2 1103526818229687
   2 1103529057202856
   1 1103533243370475
   2 110356061820
   1 110357568790
   4 110366310015
   1 110431994824
   1 110436147043
   2 110446364253
   1 110474538690
   7 110477556879
   1 110479172574
   1 110498559636
   1 110503144365
   2 110572604474
   1 110583991773
   1 110623470625
   1 110625456774
   2 110640407744
   1 110642683697
   3 110657633983
   3 110659289373
   4 110670831978
   1 110682551897
   3 110688143251
   1 110734127911
   1 110736438303
   1 110766750647
   1 110782366150
   2 110784625340
   2 110797212468
   2 110815209007
   3 110815333527
   1 110817049591
   1 110824547703
   2 110833988564
   1 110852672264
   1 110854098005
   8 110871284996
   2 110874701214
   1 110878945323
   1 110889025831
   3 110924130411
   3 110927126381
   2 110929530711
   1 110931196160
   1 110944502591
   1 110999532350
   1 111000570157
   2 111014576382
   1 111020921686
  10 111024369312
   2 111069362635
   1 111104601288
   1 111107119667
   1 111136209959
   1 111140449948
   1 111156953210
   3 111169223592
   1 111181412838
   1 111203618824
   1 111217311059
   1 1112323761651467
   1 111234020586
   2 1112358053217684
   3 111237024965
  15 111241983872
   5 111271427520
   2 111292446128
   1 111305735119
   2 111310710669
   1 111312630215
   2 111336266640
   2 111372977842
   1 111376329236
   3 111404352425
   3 111412067365
   2 111424174425
   1 111448821603
   2 111463910039
   1 111468182397
   1 111474313693
   1 111478442927
   3 111495551255
   2 111519205915
   3 111521472366
   1 111522277399
   5 111522809174
   2 111524338773
   3 111524612458
   3 111528011422
   1 111528046239
   1 111532621992
   1 111534216345
   1 111549779224
   1 111549977685
   2 111552190533
   3 111552949542
   1 111553118421
   1 111553129921
   2 111573685930
   1 111579741120
   3 111580917261
   2 111582570247
   1 111584624513
   1 111591544736
   3 111595218258
   2 111603455631
   3 111603898494
  14 111606392207
   1 111608337414
   1 111612685349
   3 111616887014
   1 111624405687
   1 111628666343
   1 111632762007
   1 111634633496
   1 111642454832
   1 111643569192
   2 1121097875730333
   3 1121103184930343
   1 1121106065107259
   1 1121115118240093
   1 1129924812349853
   4 1129927832245757
   4 1129936485362083
   3 1129936751178355
   1 1129949377857843
   1 1138682585682301
   2 1147534619185212
   2 1147542575266139
   1 1156283354582068
   1 11605447476
   1 1165111646763747
   1 1173867001035182
   1 1173892895607063
   2 1173902710279319
   1 1173910428849596
   4 118360737320046
   1 11863651953
   1 1191469085629396
   1 1191471933294675
   2 1191473265250908
   1 1200298507117931
   9 1200302452386584
   4 1200308555618859
   1 1200311205632924
   1 1209050586431363
   1 1209086145484637
   3 1209088879362051
   1 1217903414740254
   1 1217909347582883
   1 12228014795
   2 12246432093
   1 12248003827
   1 1226668650017451
   1 1235472542351027
   1 1235482493856302
   1 1244240774957864
   1 1244247376276381
   1 1244254043914072
   1 1244265483874536
   1 1244266541104542
   2 1253063046993620
   1 1253063101525883
   2 1253068084881460
   1 1253098688874156
   1 1261834242892078
   1 1261835763591310
   1 1261837464911740
   1 1270667279336516
   2 1270671229847323
   1 1270690183391716
   1 127189637673368
   9 127198809564395
   1 12783346793101
   2 1279437721569644
   1 1279448745251828
   1 12814138745575
   1 1288252039378030
   1 1288252281852627
   1 1297017945466284
   1 1297017984267773
   1 1297021249524845
   1 1305871466901260
   1 1314609456221191
   2 1323460365912520
   1 1332196938360820
   1 1332204827586675
   1 1332215348998355
   1 1332221397436724
   1 1341033609701736
   1 1349799846884008
   1 1349809522884221
   1 13500785692
   1 1358627864326771
   3 1358630574888124
   2 1358641283474344
   1 135930790282076
   1 135947092501915
   2 135949960875860
   1 1367392343300590
   1 1367404779419259
   1 1376208625861470
   2 1376213279451175
   1 1376223152576311
   1 1376229147810563
   2 1376236216011757
   2 1376240470596974
   2 1376244424771037
   1 1384987799591230
   1 1385014962163075
   1 1402602160142443
   1 14053855655
   2 1411396028076173
   1 1411397983148379
   1 1411423813252828
   1 1420170789130420
   2 1420176269781032
   1 1437764657886536
   1 1437784143824743
   1 1437786639447580
   1 1446592234928894
   2 1446596638412067
   2 144763878653084
   3 144773264454923
   3 14510610119
   2 1455347718175347
   1 1464178021769368
   2 1472936394628475
   2 1472939891897352
   2 1472949776822388
   2 1472970293521742
   1 1481769563195091
   3 1481787285178206
   4 1490539160281643
   1 1490554337367451
   1 1499355419517627
   1 1499380818651572
   1 1516970967839115
   2 1516972701915476
   1 1516973106934243
   2 1534548733598013
   2 1534562794474763
   1 1543302316827156
   1 1543309048943148
   1 1543311119623165
   3 1543314146858828
   1 1543321932538268
   1 1552142145692244
   1 1552156304874508
   1 1552159233541683
   1 1560916425968446
   3 1569721315243547
   2 1569734674356395
   1 1578487747192347
   1 1578493251164669
   2 1578496149957614
   3 1578514091093139
   1 1578521888568045
   1 1578529031983956
   1 1587338998188222
   1 1596089986190291
   2 1596091828798286
   1 1596109205279191
   1 1596115915643368
   1 1604933651016092
   1 1622497245014651
   1 162347846745036
   2 162351336925847
   1 162375130953099
   1 1631284304287496
   1 1640101018613764
   1 16446930273
   1 1648860534936107
   2 1666448256671620
   1 1666452803554845
   1 1666459840556055
   2 1675299938375723
   1 1684042266190429
   1 1684077898370011
   3 1692866956507099
   1 1692869830391304
   1 1692874742958200
   1 1692896794510328
   1 1701634277648515
   1 1701666563557528
   1 1710458550360363
   1 1710483858537127
   3 1710493245384077
   1 171134318815463
   1 1719257671152654
   3 1728058916348984
   1 1728065152498331
   1 1728068087976420
   3 1736827920192596
   1 1736828888553752
   1 1736829316380595
   1 1736834069563132
   1 1745655498811614
   2 1754411962736684
   1 1754436667708468
   1 1763241381076125
   1 1763257787880355
   1 1763268296451379
   2 1763272846745805
   1 1772000493964999
   1 1772007046781255
   1 1772010188583864
   1 1772014397826871
   3 1772016094677180
   1 1772016205828796
   1 1772020149001059
   6 1789593438390459
   2 1789596966861523
   1 1789600911342797
   1 1789605159382718
   1 17956918005
   1 1798424331293004
   1 1798433144057756
   1 1798439596996532
   1 179974351370557
   1 1807196759794295
   1 1816035017112899
   1 1816035995682552
   1 1816049559538456
   1 1824783556154339
   2 1824800770112302
   2 1824803322864332
   1 1824804812888679
   3 1833623237953652
   3 1833626497985796
   1 1851224913085975
   6 1851232015096888
   1 1859965368415051
   1 1859991938802264
   1 1859992317862379
   1 1868787486828476
   1 1868805494542659
   1 1868809396554376
   2 1868809806555379
   1 1877578105228707
   1 1877584806164632
   1 1886386061319164
   2 1886398113922660
   1 188726816290078
   3 188730415264104
   2 1895154497100621
   2 1903997346646316
   3 1904001597318635
   1 1912754112566957
   1 1912754465421387
   1 1921576452756494
   1 1921596972612396
   1 1930341992369384
   2 1930356847804590
   1 1930377750151693
   1 19306678092
   2 1939160860198156
   1 1939173857565052
   1 1947922732429447
   1 1947924956454110
   2 1947952267928779
   1 1956755782778269
   1 1956785570711299
   1 1956786276143332
   1 19592852523
   1 1965521452142807
   2 1965523432126974
   1 1974351616024317
   2 1974356760079822
   3 1974378747150014
   1 197536073124045
   1 197556146814398
   1 1983123057545716
   1 1983133319703324
   1 1983142247535822
   2 1991965532764515
   6 19937752398
   1 2000730159332712
   3 20041505046
   1 2009548556864471
   1 2009548963720936
   1 2009555789428765
   1 2009557541064299
   1 2018291831809739
   1 2018304295965342
   2 2018314232537147
   1 20282677352
   1 2035919184466877
   1 2044711050153203
   1 2044724628691709
   1 2044742244769517
   3 2053479792392676
   6 2053488054907213
   1 2053488304985004
   1 2053492130455980
   1 2053502538627608
   1 2053504672214535
   2 2053513465315101
   1 2062305697208743
   3 2062308903750728
   1 2062323690251885
   1 206306060276300
   1 206334601464428
   1 2071068154799059
   2 2071083340282828
   1 2071097191434040
   1 2079922428578099
   1 2088667797265310
   1 2088682314022093
   1 2097511258405822
   1 2097521518974003
   1 2106255307702493
   1 2106263821878612
   1 2106282154922893
   1 2106290786019996
   1 2115090373163501
   2 2115099232842072
   1 2115101083320163
   2 2123849057707182
   1 2123881241644941
   1 21242386047
   1 21333622157
   2 21380705461
   1 2150271513526931
   1 215128603367828
   1 215139704644311
   2 215147790736924
   1 215149537404811
   1 2159036863097339
   1 2159037889388324
   1 2159064395028829
   2 2159069068002807
   1 2159072677993707
   1 21603880525
   2 21618839528027
   1 21633345522871
   2 2167864211289716
   1 2167866261767396
   1 2167870545475597
   2 2167881606105518
   1 2167885716527300
   4 2167890318460996
   4 2185473238776423
   1 2185478184377172
   1 2194222746186686
   1 2194242842136589
   1 2203073909885979
   1 2203074421595789
   1 2211813322397181
  10 2211813423589068
   2 2211837087063700
   1 2211842092706124
   1 2220651946188030
   1 2229397715690637
   5 2229397833910315
   1 2229417397205373
   1 2229440670342926
   1 2238245359062619
   1 223890790947683
   1 223924650252173
   1 22541914708
   1 2255834874134279
   4 2255840999386955
   1 2255851366654327
   3 2273426033878844
   3 2273442606101303
   1 2273443543255096
   3 2273444570609982
   2 22768209374
   3 2282181389719517
   1 2282188079371816
   1 22876247389
   1 2291006705515703
   1 2291024444527677
   1 2291028880269677
   1 2299769365734083
   1 2299770866768471
   1 2299775762568451
   1 2299777244996644
   1 2308594462896270
   1 2308599824794813
   1 2308622075569640
   1 2308629492141431
   5 2317374387391966
   1 2317383137245339
   2 23205191711
   4 2326191667161595
   1 2326200557505672
   1 2326216096896104
   9 2326218497074483
   1 232717937307134
   1 232718049482779
   1 232719878198920
   1 232720212440611
   1 232726197188989
   1 232732141560558
   1 2334961148109331
   1 2334962990195467
   1 2334981906776643
   1 2334991261634062
   1 2343781514877668
   1 2343801518304232
   2 2343807708572872
   1 2343814249586779
   1 2352546214327367
   1 2352552320438152
   1 2352552657297923
   1 2352554460853192
   1 2352565687694780
   2 2352576473086684
   4 2361389799974947
   1 2361405453117047
   1 23666405266
   1 2370142673321630
   2 2370143808657896
   1 2378997050643101
   6 2396570355514387
   1 2396580522245164
   1 2405341248096727
   1 2414158197044638
   1 2414164210355367
   1 2414172128172500
   1 2414182366200072
   2 241503011092443
   7 241514398880983
   2 241517605423348
   1 2422925693295691
   1 2422928889102061
   1 2422935483319700
   2 2422939096202429
   1 2422945780346199
   1 2431739795614164
   1 2440520725432301
   1 2440529784085684
   3 2449359373345245
   4 2449361020398487
   1 2458101877842219
   1 2458114584486264
   2 2466925564930163
   1 2466947690145171
   1 24763440816
   1 2484514272314685
   3 2484525187214024
   1 2484537622009581
   1 2484542984171608
   7 2484547142551564
   5 24883947010
   1 2493292628949640
   1 2493310909298094
   1 250335315625335
   2 2510872797513716
   1 2510875193780419
   1 2510895104926334
   1 2510895452006894
   1 2519699771366460
   2 2519723014619309
   1 2519733264983662
   2 2528477337892424
   1 2528484030159379
   2 2546064849634749
   1 2546073140476219
   2 2546093606835884
   1 2546094573107112
   1 2554894668282711
   1 2554901503949704
   1 2554906688364199
   2 2563649332848044
   2 2563670299912547
   1 2572482717692375
   3 2572503920415868
   1 2581255280404136
   2 2581258867849356
   2 2590069142064675
   3 2598846708332743
   2 2607675155423288
   3 2607694285910989
   1 2616427741986584
   1 2616438637474888
   1 2625261302186580
   1 2625272282620952
   2 2625290057812589
   2 2634020184922190
   1 2634021623038910
   1 2642854985078019
   2 2651613390702568
   1 2651623006410472
   1 2651636138521208
   3 2660440127322492
   1 2660455669830067
   4 2669222945633316
   1 2669230634580125
  19 2678066511616012
   1 2686797123955005
   3 2686811940066060
   1 2686818292608232
   1 2695640035623076
   1 2704388545067475
   1 2704415804103768
   1 2713218314404179
   1 2713231446770718
   1 2713233616803774
   1 2713243121359181
   1 2713250642802459
   1 2748398537549180
   2 2748409145732395
   1 2757170442540535
   1 2757179941323060
   1 2757192544688076
   1 2757192710366878
   1 2765993507828468
   3 2765994833747550
   2 2766010637358750
   1 2766024557994456
   4 276667589475780
   3 276678855899320
   1 276681390821111
   1 276693856559975
   5 2774795838305822
   1 2774795863720244
   1 2783589484727486
   2 2783589878474270
   1 2783602323752759
   3 2792378602894667
   1 2792384213300851
   1 2801192787784568
   1 2809976454383875
   2 2818777842200891
   1 2818799864393303
   1 2827537108964580
   2 2827543099485966
   1 2827549050667853
   1 2836366924721719
   1 2836373662336012
   1 2845137146494135
   1 2845140760927053
   1 2845152887978360
   1 285499183079240
   1 285502464070749
   1 285507606822363
   1 285511626014199
   4 285515769723667
  16 285520136248765
   1 2862740228281012
   1 2871567067382043
   1 2880309423778279
   1 2880312277483102
   1 2880327827068007
   1 2880331276629053
   1 2880333067077716
   1 2889140914369469
   1 2889154797255848
   1 2889169188426189
   1 2889172489614279
   1 2897915649996472
   1 2906752696193565
   2 2906755129676199
   2 2906756216269851
   1 2906764265403075
   1 2915507501805628
   1 2915508355346542
   1 2915530167303992
   1 2924337296838468
   1 2924338349606535
   1 2933106050337341
   1 2933106915949868
   2 2933109770169421
   1 2941922568839420
   1 294258321917892
   2 294273295581735
   2 294274742897006
   1 294284878428935
   2 2950678763542733
   1 2950683074768093
   2 2950686665080996
   1 2950693979426099
   1 2950704719470820
   2 2950713781791436
   6 2959512616319672
   1 2959517452078151
   1 2959526353189031
   1 2959535605813863
   1 2959541575103275
   1 2968278780612718
   1 2968307117327572
   1 2977096899760699
   5 2977103614314877
   1 2985862793270732
   2 2985869514905251
   1 2985878768591214
   1 2985884010429412
   3 2994694736056707
   2 2994704593979796
   2 3003464577978061
   2 3003487989540836
   1 3012284247442348
   2 3012302532774807
   1 3021052912617140
   1 3021065215031949
   1 3021075602737581
   1 3029874125836574
   1 3029875630542632
   3 3029899692745166
   1 303112946727063
   1 30380860378280
   1 30400357609528
   1 3047490801374179
   1 3047493884978205
   1 3056251775760408
   1 3056267038833283
   2 3065069885206428
   1 3065071569209628
   2 3073825841349475
   1 3073836598698110
   2 3073849215950252
   4 3073862791072676
   1 3082667835795947
   1 3091435810991320
   1 3091449228822619
   1 3098173307
   1 3100243285780595
   1 3100243974967451
   2 3100250037814567
   1 3109013176989659
   1 3109028716616477
   1 3109042204980459
   1 3109049653542740
   5 3117851468379411
   1 3117865837536141
   1 3117867995510366
   1 311861585909020
   1 311866440034110
   1 3123312638
   1 3126642110636308
   3 3135453558477276
   1 3144210938868788
   2 3153017421178204
   1 3153041119777556
   1 3153043117587899
   3 3154024262
   1 3170622631057627
   1 3170640283836651
   1 3179381451133852
   1 3179386842384963
   1 3179396060685788
   1 3179400533386636
   1 3179402397751485
   4 3179405324593047
   1 3179409176005331
   1 3179416891700171
   2 3188206738871293
   3 3188224461912029
   2 3188239927096347
   1 3205216555
   1 3205793968034775
   1 3205798937243812
   1 3205825398842887
   1 320707252722579
   1 3214562683527735
   1 3214569674651816
   1 3223418580773124
   4 3232162327836051
   1 3232163424376228
   1 3232181663841624
   5 3232197131903659
   1 3240986498576572
   1 3241011473812397
   1 3244911098
   2 3258576390072424
   4 3258577974199028
   2 3258578386041421
   1 3258591021906875
   2 3258599150468023
   1 3258601203830427
   1 3267345658155965
   1 3267349505644892
   1 3267375368777144
   1 3276168975364348
  18 3276190653886638
  15 3284958644548142
   1 3293773917332227
   1 329444580396599
   1 329445349527227
   1 329454425484915
   1 329476671285940
   1 3302527888006996
   2 3302528230102212
   1 3311039950
   2 3311364141492072
   1 3320115404745260
   2 3328942007653731
   2 3328952423428755
   1 3328960476745131
   1 3328977566959032
   1 3337726035244435
   1 3346532735658238
   2 3346533096895484
   3 3355311010493580
   1 3355317486235518
   2 3364138768404356
   1 3364159672032445
   1 3372904028598535
   1 3372908921230797
   1 3372911888705340
   1 3381733819424158
   4 338275717887534
   1 338280626009879
   1 338305093746404
   2 3390482875431966
   3 3390489370311278
   1 3390496690415260
   1 3390515264631293
   1 3399310736108216
   2 3399326440111532
   1 3399340187464605
   1 3408117110418839
   1 3416906203937147
   1 3416908406985819
   3 3425682115011396
   1 3434502889154669
   1 3434519462951198
   2 3434523831840116
   1 3443273774409341
   1 3452090463554220
   1 3452098275452195
   2 3452099418133971
   2 3452103268500211
   1 3460857181505219
   1 3460882195548395
   1 3469680620863864
   2 3469712105154616
   1 3469714845605052
   1 347047699953556
   2 3478444742018211
   1 3478452317207635
   1 3478453907372647
   1 3478483986558675
   2 3487269306251707
   2 3487277309757668
   1 3487280312105368
   1 3487302874830942
   2 3496045173543006
   2 3496063571865740
   2 3504864587951021
   6 3504868637280036
   5 3504879726764132
   4 3513628032509133
   2 3513628584062715
   4 3522461759444344
   1 3522461853300852
   1 3522486143033566
   3 3522486150892708
   1 3531231198977923
   1 3531232309421256
   1 3540054341584824
   3 3540058561847484
   1 3540080070492487
   1 3548834417610620
   1 3548834750277437
   1 3548847494930318
   2 3557649640597356
   3 3557650001567038
   1 3557653924293688
   3 355863302506263
   1 355865344082663
   1 355867276611988
   7 355880958441875
   1 355881034454749
   1 3566404011833959
   2 3566404274487358
   1 3566412522599341
   1 3566432656308317
   1 3566440750004115
   1 3575255576347228
   1 3575255915303884
   1 3575261579447799
   1 3583997647260667
   1 3584002906666860
   2 3584011977892701
   2 3592830636276587
   1 3592853785423644
  10 3601589731331012
   1 3601609536060348
   1 3601622718751459
   1 3610418147233195
   1 3619207335380557
   2 3619208132047124
   1 3619209506470619
   1 3619216916229975
   2 3628015264478627
   1 3628015878147320
   1 3636772467126995
   1 3636802089661934
   1 3645603500006947
   1 3645606761072766
   3 3645610230556100
   1 3645624357752071
   1 364662159063918
   1 3654370881710924
   1 3654374761697630
   1 3654381837229243
   1 3654385412350264
   1 3663225104645796
   1 3671979024975348
   1 3671980053372380
   1 3671985089155614
   1 3680800754630824
   1 3689562334045800
   1 3689565830776020
   3 3689575437054808
   1 3689578180641187
   1 3698382218231660
   2 3698382536443556
   1 3698386183131971
   1 3698400705122891
   1 3698403133884350
   2 3707157297498766
   2 3707171481335747
   1 3715971884254664
   2 3716001744567091
   2 3716002759575671
   1 3716003041651708
   1 3724744272128292
   2 3724750889692231
   2 3724753053943035
   1 3724768219505671
   1 3733568589934478
   1 373478129148072
   1 3742335671207251
   1 3742337788812579
   1 3742342351694683
   3 3742347768897019
   1 3751186001050876
   1 3759934577316616
   1 3768749819697486
   1 3768760213451827
   1 3768772556761758
   1 3777518932341468
   1 3777520840480723
   2 3786360384404731
   1 3795104491116004
   1 3803940000367512
   1 3803965691275262
   1 3812696059544332
   1 3821526187255971
   1 3821529677179448
   2 3821545182734781
   2 3821554081211124
   1 382246300943070
   1 3830301869480317
   1 3830305234095758
   1 3839131072609597
   2 3839131742638567
   1 3839138371733564
   2 3839139865177031
   1 3847882179882814
   1 3847887227987150
   1 3856707913004008
   1 3856715092853068
   2 3856735243603244
   1 3865474963349835
   2 3865483181303027
   1 3865491701502951
   1 3865493345403628
   1 3874306204905367
   3 3874318939855676
   1 3883069913970312
   3 3883075364201239
   1 3883075668546344
   1 3883077778014509
   1 3900664305688935
   1 3900672013513012
   1 3900672443169133
   1 3900687721432788
   1 3909491242319300
   1 3909493321109672
   1 3909516063159645
   2 391051278551694
   1 391055136001947
   1 391056182217870
   1 391064616448381
   1 3918249297445020
   1 39204080062868
   1 39210205315083
   1 39214949609747
   1 39230854924398
   2 3927079493568171
   9 3927082710338407
   1 3927101613812884
   2 3935849717185811
   3 3935851922337268
   6 3944672503277204
   3 3944684133298012
   1 3953441328084691
   1 3953445087753821
   1 3953447181487051
   3 3962262499630062
   1 3971027333034952
   1 3971031251302488
   3 3971040436290664
   1 3971048325513995
   1 3979869280544942
   1 3988640113375195
   1 399811659972439
   2 399824170531644
   1 399833429709243
   1 4006212752122203
   3 4015034703814332
   1 4015041983289304
   1 4015044063137555
   1 4032634379049150
   2 4041400115019651
   2 4041408505710397
   3 4050221001346440
   1 4050257057682023
   2 4058997663469780
   4 4059001401126590
   1 4059021166252327
   3 4067815970855383
   9 4067820608167972
   7 4067831295254551
   2 4067848940166459
   1 4067849310047012
   3 4076603528191547
   1 4076612985825811
   1 4085407148679715
   1 4085409166668781
   1 408636280800748
   2 408637029759710
   1 408638422519867
   2 408642393474263
   1 408668180593341
   1 4094179919542957
   1 4094180572540188
   1 4094212324209662
   1 4103002138085261
   2 4103016886575260
   1 4103031804396995
   2 4103033731947212
   1 4111770547920347
   1 4111784711033640
   1 4111788667838862
   2 4111799849327895
   1 4120591912669308
   5 4120599676855068
   3 4120611630878099
   2 4120623742988139
   1 4129355693835048
   4 4138204249719742
   4 4138216363145275
   1 4146947826136764
   1 4146966678735643
   1 4155774798398077
   1 4155790401479511
   1 4155803777112408
   1 4155807435331707
   2 4164573234208071
   1 4173370557211997
   4 4173370783442212
   1 4173370913722011
   1 4173380051811351
   2 417404716329741
   1 417411579519741
   1 417421403619643
   1 4182132172003869
   1 4182154894118171
   2 4199738986215163
   1 4199748448558622
   2 4208553926855155
   1 4208567222807005
   1 4208569717888188
   1 4208570566181774
   1 4217321496774407
   2 4217321545535671
   2 4217341986475652
   1 4226146805234236
   1 4226175056747661
   2 4234944240430195
   1 4234955068020103
   1 4243739767215079
   3 4243759424109755
   1 4243765822231284
   1 4252503137591844
   1 4252509083810020
   1 4252512031876904
   1 4261325532825140
   1 4261325774002424
   2 4261333227024824
   3 426231990326931
   2 426247619611091
   2 426251102993166
   1 426263293462956
   1 4270091809333496
   1 4270114055660531
   3 4278920462730323
   1 4287686733464171
   1 4287687467735940
   1 4287700184606840
   1 4287718515545604
   1 4287719658751080
   2 4296509869790024
   1 4296511183651788
   1 4296531050497064
   3 4296537372891988
   1 4296543049103836
   1 4305294945168664
   1 4305296889754379
   2 4305297021080579
   1 4305300282411747
   3 4314118568548115
   2 4314129966316615
   1 4322880346654894
   1 4331697718695692
   3 4331698418095576
   1 4331710835071127
   1 4331725783835230
   1 4340471118180616
   1 4349315367841507
   2 435007205946510
   1 4358059008730887
   2 4358074970933892
   3 4358091355719086
   1 4366882000355155
   1 4366896573978348
   1 4366901703350356
   1 4366913955969021
   1 4375644585079571
   1 4375650130199678
   1 4375654732150491
   1 4375658008949431
   1 4375661848302828
   1 4375676617241181
   1 4384479204355580
   2 4384489167659191
   1 4393241218649484
   1 4393243428797796
   2 4393262574211660
   1 4393268175977195
   1 4402082370820404
   1 4402095864422766
   1 4402100449059933
   1 4410836239007459
   1 4410839898007684
   1 4410848973693740
   1 4419660684987108
   1 4419678590468684
   1 4419680283134548
   1 4419689463420392
   3 4428428459652935
   1 4428437414742188
   1 4428438142460029
   1 4428442675717479
   1 4428442761176907
   1 4437250497316765
   3 4437251950906324
   2 4437253352599101
   1 4437272712189496
   1 4437276263455220
   1 4437277056436583
   1 4437281998377731
   1 443831665306910
   2 443853546470252
   1 443858247751908
   3 4446034948524452
   1 4454866291528676
   4 4463629569361751
   1 4472436587235373
   1 4472446822137181
   4 4472453239677020
   1 4472457140122868
   1 4481198265993550
   1 4481216975737139
   2 4490035481556723
   2 4490057551972060
   1 4492834863
   1 4498793729368206
   2 4498796619774707
   3 4498799972583581
   4 4498801599715268
   1 452592030721821
   2 452626772931406
   1 461418517234254
   1 461423528393187
   2 461424929549720
   1 461429079019236
   1 470179148995773
   1 470191267908830
   1 470200864222219
   1 479041869856301
   1 48009686025800
   1 487780296956908
   1 496611357106955
   2 496625282450126
   3 50051173496
   2 50084115354
   2 50325549324
   1 50330727516
   1 50341953708
   1 50426311464
   9 50463162969
   1 50537190378
   1 505379953586355
   1 50571379687
   2 50639502949
   1 50640578612
   4 50712731814
   1 50754942424
   1 50771592824
   1 50796635777
   1 50825566497
   1 50827003233
   1 50868229159
   3 50908045413
   1 50927284927
   1 50983593146
   1 51016310372
   4 51044231889
   1 51401876717
   1 51647049473
   2 51782699001
   1 51878600688
   1 51950184969
   1 51957826361
   1 51981611902
   2 52010093998
   3 52039737789
   1 52071013719
   1 52112961889
   1 52158968839
   1 52187270649
   2 52190936081
   1 52206679869
   1 52223152340
   1 52239654915
   2 52261440678
   1 522961055391239
   1 52298334343
   5 52305452936
   1 52332174848
   1 52345838818
   1 52381836258
   5 52382305524
   1 52457881712
   1 52458723539
   8 52464993381
   1 52471864095
   1 52477207612
   4 52508111840
   6 52556294966
   3 52590397297
   9 52590626673
   1 52605858521
   1 52610354065
   2 52617218702
   1 52628507448
   1 52636163760
   1 52636733257
   1 52662105617
   1 52702202460
   1 52703988147
   5 52750345224
   1 52762581240
   1 52787384979
   4 52844727471
   1 52908777721
   1 52911391080
   2 52934972235
   3 52965759964
   1 52966995427
   5 52976640052
   1 53048554586
   1 53096841517
   1 53113453902
   1 531787584378755
   2 53184124572
   1 53242954156
   3 53259224472
   3 53311962907
   1 53336597050
   4 53369131000
   1 53370562068
   1 53382623682
   3 53414963678
   1 53502602441
   1 53508804119
   1 53650058396
   1 540554926239539
   2 540557073460231
   1 540589018846323
   6 54067258607
   3 54119936425
   7 54172329120
   5 54251825472
   1 54254780176
   1 54266632160
   1 54267313113
   7 54278629747
   1 54280942465
   3 54318349744
   1 54360325258
   1 54402207755
   2 54611135553
   1 54639893023
   2 54772320785
   2 54844319307
   2 54865086402
   8 54906798506
   8 54920362003
   7 549389692310467
   1 54942074058
   1 54943737439
   1 54947551712
   1 54979704886
   2 55009824125
   1 55019809862
   1 55026036169
   1 55104944678
   2 55147842538
   2 55165838837
   1 55243543652
   1 55306721880
   1 55511662374
   1 55541269194
   1 55574692264
   1 55651842931
   1 55659201574
   4 55669944687
   2 55678792601
   1 55710801236
   2 55752411440
   3 55760493155
   1 55780928231
   2 55785039275
   1 55787250305
   3 55787733891
   1 558151355873140
   1 558152573794636
   1 558156791162029
   1 558180182539268
   1 55859246811
   5 55961223727
   2 55971764245
  19 55979450230
   1 55987387454
   1 56051294681
   1 56094687847
   1 56118500479
   2 56214943123
   1 56284938462
   1 56342920128
   1 56388812815
   1 56525198297
  10 56543070571
   2 56612823293
   3 56623049108
   1 56626230718
   1 566973159184270
   1 566991847692088
   3 566993895307037
   1 566995773818103
   1 56709647970
   1 56762420777
   1 56797153998887
   2 56816252620
   1 56884299047
   2 56949069424
   3 56954224013
   1 57004509985
   1 57018373278
   1 57030785821
   1 57161393151
   1 57186314961
   1 57193298773
   1 57260403585
   1 57270456539
   3 57277136418
   2 57347309059
   1 57375467455
   2 57376677425
   3 57431841191
   1 57436452226
   1 57451550285
   1 57451828574
   3 57494139057
   5 57524413635
   2 57530584124
   2 57551123330
   1 57574951515
   1 57589799443
   2 57607108914
   1 57607304749
   1 57607508637
   1 57631850811
   1 57656266117
   1 57675100710
   1 57676045759
   1 57702635687
   2 57712892750
   1 57713816701
   5 57714066499
   2 57714915386
   3 57723147241
   1 57725483908
   8 57779212227
   1 57812866750
   1 57823035328
   6 57833035660
   8 57836738284
   1 57837235721
   1 57843733637
   1 57843939290
   4 57866684241
   1 57885046483
   1 57898643499
   1 57899635599
   1 57946656389
   2 57966681106
   1 57968896885
   4 57971276809
   1 57977379535
   1 57991856318
   1 57999336865
   1 58000228578
   1 58014205396
   4 58054130027
   2 58055686948
   1 58060986351
   1 58063960287
   2 58065170297
   1 58067441041
   2 58091132641
   1 58105733349
   1 58144233237
   1 58145193537
   7 58146392181
   2 58151006356
   1 58152548403
   1 58185098258
   1 58186622909
   6 58199152840
   5 58203486859
   2 58218731751
   8 58233276513
   4 58233917077
   1 58239566040
   1 58244372539
   1 58265877593
   1 58266692238
   2 58274894115
   1 58276392091
   1 58280608498
   2 58284704987
   1 58296989976
   1 58313726780
   1 58321763868
   1 58355212772
   1 58358312370
   2 58370301346
   1 58379614163
   2 58397735682
   2 58398545218
   1 58406207978
   1 58410350985
   2 58417822128
   1 58427975650
   3 584560087405197
   1 584564562738939
   1 584577664685004
   1 584581574564248
   4 58483813254
   6 58505140475
   1 58505247852
   1 58505691762
   1 58506708631
   1 58510495861
   2 58516334061
   1 58519523841
   1 58522984803
   1 58525403548
   1 58529920833
   1 58536218917
   2 58544361854
   2 58546460081
   1 58550760696
   4 58555311271
   1 58558729396
   2 58568372874
   1 58574439892
   2 58574818593
   1 58576422322
   1 58582287600
   2 58582668618
   6 58590836959
   7 58607462923
   1 58614115049
   1 58614522338
   9 58614692014
   1 58620513538
  11 58622522882
   3 58627640290
   2 58634359034
   2 58664008125
   3 58664970083
   2 58672234174
   6 58680072067
   3 58694267468
   1 58697601315
   3 58705625511
   6 58708896778
   1 58710120676
   2 58717033229
   3 58734825979
   2 58738677218
   1 58744829621
   1 58749203262
   1 58758144377
   1 58758888415
   2 58769286711
   4 58781612611
   1 58782842661
   2 58783645025
   1 58783935634
   1 58791180545
   1 58797917047
   4 58800348561
   1 58802896727
   1 58803309053
   9 58804794930
   1 58822594511
   2 58824433408
   1 58835923934
   1 58842355393
   1 58846859806
   1 58851793299
   1 58857010024
   1 58858858467
   1 58860106087
   1 58868240104
   1 58878993677
   1 58880771539
   7 58881153813
   1 58885016859
   1 58893532218
   2 58894245011
   3 58899166281
   1 58905630236
   2 58905739697
   1 58912713318
   3 58914859229
   1 58916629752
   2 58921616880
   1 58922440754
   1 58929235623
   4 58929408076
   3 58931030268
   2 58932929120
   2 58936132667
   1 58936493918
   2 58940183860
   1 58940712003
   1 58955344998
   1 58961766558
   1 58968168304
   2 58982189675
   1 58990439258
   1 58994628773
   4 58996664730
   5 58997543807
   2 59008102214
   1 59008869158
   1 59010166468
   1 59012359959
   5 59016687648
   2 59016905102
   1 59020803764
   3 59021898360
   4 59032230598
   2 59032931979
   1 59045190699
   1 59048261498
   6 59054327754
   1 59054357596
   1 59071665372
   1 59076325961
   1 59083464105
   1 59103455179
   1 59103550357
   1 59109254087
   2 59110298425
   4 59116577226
   1 59117453166
  13 59118608713
   2 59120310131
   1 59122159790
   1 59136889387
   1 59137809409
   2 59152554615
   3 59153676243
   1 59160929763
   1 59165176231
   1 59166032482
   1 59167581500
   1 59174715782
   1 59184475691
   4 59190399636
   1 59192740882
   1 59199078429
   1 59205210535
   2 59215877858
   1 59220767995
   2 59231902246
   3 59236021525
   1 59243290950
   1 59245778093
   1 59247868759
   1 59279662658
   1 59279670291
   8 59287791953
   3 59299185312
   1 59313412313
   3 59322810347
   1 593370910043933
   1 59349477080
   1 59362272935
   1 59369240677
   1 59376578260
   5 59387957447
   1 59393617977
   1 59395100481
  12 59400721675
   1 59401850711
   2 5940824465
   1 59423774160
   5 59470440973
   2 59470523835
   1 59473716351
   4 59480089387
   1 59522561409
   1 59538022133
   1 59554382801
   1 59569096496
   1 59575130221
   3 59581474826
   1 59589047462
   1 59597712940
   1 59599244096
   1 59600790156
   1 59601434590
   1 59610563373
   4 59611157920
   1 59613940436
   3 59619736004
   1 59620450233
   1 59629022148
   4 59631047999
   1 59635023052
   1 59636254173
   1 59650226752
   1 59664054449
   1 59667660592
   2 59673336458
   1 59683678142
   2 59690141385
   3 59698061638
   1 59714401006
   3 59726722231
   2 59732190627
   5 59737396290
   3 59753132229
   1 59758879037
   2 59764617696
   1 59784176751
   4 59787973653
   2 59789916591
   2 59807165780
   1 59811182581
   1 59814159453
   1 59816830671
   2 59820494826
   1 59824821009
   2 59827310627
   1 59836374259
   1 59837253295
   1 59858219214
   7 59864114960
   4 59885541282
   2 59939447563
   2 59956911466
   1 59990255300
   1 60003843504
   1 60009582186
   2 60023739896
   2 60027202654
   1 60033983888
   2 60072451236
   1 60083818739
   1 60096407384
   1 60098983148
   4 60126065943
   1 60138043398
   1 60144557894
   1 60193000284
   1 60209297380
   1 602151078595172
   3 602173074583356
   1 60217463937
   2 602186807514420
   1 60228094833
   1 60234489837
   1 60240211153
   2 60264457303
   1 60278231602
   2 60279307405
   5 60282990510
   1 60294721684
   1 60302927157
   1 60303539943
   1 60309895061
   1 60317438909
   1 60323611026
   8 60331148245
   1 60349994796
   1 60350446107
   1 60358769530
   1 60360904485
   2 60364463095
   1 60377323991
   6 60385794677
   2 60404268843
   1 60406639196
   1 60413349069
   1 60426321006
   1 60426413775
   1 60443516160
   1 60445151997
   4 60451067573
   1 60456238403
   1 60467674131
   7 60477202318
   1 60485295350
   1 60494913758
   4 60500012483
   1 60511103028
   1 60512619505
   1 60539559946
   1 60543234560
   1 60550569945
   1 60553994547
   1 60558507933
   1 60559735161
   1 60563464762
   1 60567155741
   3 60579555802
   1 60598047177
   2 60598989248
   1 60599679647
   5 60602661676
   3 60612082931
   4 60617373819
   1 60620846868
   2 60624820258
   4 60631108157
   2 60655602362
   1 60663003226
   1 60673941525
   1 60684080359
   1 60704844848
   1 60705691706
   1 60710348379
   1 60729030707
   1 60730523194
   5 60734144586
   1 60744699419
   1 60748062584
   3 60749070389
   1 60751803035
   4 60768837097
   2 60773107600
   1 60788475841
   1 60795192073
   1 60801222345
   4 60817921513
   3 60819843102
   8 60839852138
   1 60840273831
   1 60858284226
   1 60863625878
   1 60891003843
   1 60938749885
   1 60939715922
   1 60952707850
   1 60969257386
   2 60975756472
   1 60989630682
   1 61001365135
   2 61017428325
   2 61045342501
   2 61070218643
   2 61073658636
   3 61086888485
   2 61087009174
   1 610919920968237
   1 61093756178
   1 610940304237117
   2 610944342566011
   1 610947079876942
   2 61115859943
   1 61130744688
   3 61135162280
   2 61135187832
   1 61141586972
   1 61183359760
   9 61197002654
   1 61200403177
   1 61212078575
   1 61227107876
   2 61235493008
   2 61237333356
   1 61237859131
   5 61275528964
   1 61282022803
   1 61290814176
   6 61291859949
   2 61292216068
   1 61300027627
   3 61314332051
   2 61328784094
   1 61332768080
   1 61333954855
   1 61346855368
   1 61357601142
   1 61360776362
   2 61362308995
   2 61363379746
   4 61367721275
   1 61380483091
   1 61391517435
   1 61421265882
   1 61429556935
   1 61435370877
   2 61451769984
   2 61457343052
   1 61474394973
   6 61476165724
   1 61485189161
   1 61486156448
   1 61492457807
   1 61493635565
   2 61515306812
   1 61528288183
   1 61534300360
   1 61541089177
   1 61544610962
   1 61552456075
   2 61556179262
   2 61564317000
   7 61565833606
   1 61572124230
   6 61578493220
   5 61579232246
   3 61608456852
   8 61626473408
   1 61628516687
   3 61634354579
   1 61637279191
   5 61651039019
   1 61667342532
   2 61673488170
   2 61674595097
   2 61697169785
   2 61704394300
   3 61718013163
   1 61724686725
   1 61738320807
   6 61738533254
   1 61741593014
   1 61753801831
   1 61794597025
   1 61808388827
   1 61829535352
   1 61831233693
   1 61845633299
   4 61854287150
   1 61863042382
   1 61864145887
   1 61873120164
   2 61880753221
   2 61886910743
   5 61887578905
   4 61895352181
   5 61899931369
   1 61946865882
   1 619751797425799
   5 619759962172189
   4 619761416278580
   1 619764821011255
   1 619765519358124
   1 619767943669848
   1 61982436855
   3 61986754338
   1 62022224701
   1 62027869022
   4 62051703460
   1 62068491120
   2 62075420552
   2 62100530690
   1 62114801862
   1 62122932758
   3 62123378114
   1 62124510317
   1 62128329212
   2 62130177788
   1 62177385247
   1 62180328600
   1 62184780422
   3 62201981038
   2 62206538547
   1 62207955145
   1 62208367102
   3 62209945194
   1 62212476969
   3 62233705088
   4 62241304201
   2 62251093543
   1 62263065092
   5 62269715643
   1 62275791338
   1 62285136222
   7 62297576606
   2 62302068315
   1 62303110757
   1 62318377753
   2 62337766373
   2 62344368909
   1 62348495684
   1 62355179193
   1 62360580850
   1 62373867480
   1 62384659733
   1 62410549309
   1 62442018174
   1 62449091544
   2 62456591021
   2 62461129355
   4 62461441049
   8 62468886683
   1 62469202354
   1 62479504993
   8 62496798488
   1 62513257612
   2 62517029674
   2 62520203512
   3 62546305642
   2 62555262435
   5 62556184957
   1 62568622445
   1 62572052775
   1 62574470075
   3 62578034543
   1 62606345263
   1 62618358398
   1 62635734091
   1 62642862121
   4 62651536819
   2 62653154341
   1 62673619150
   1 62675992539
   1 62692624087
   3 62705327361
   2 62734326067
   1 62735074323
   2 62735545765
   1 62737353492
   1 62738952215
   1 62746779696
   2 62780617479
   1 62784326944
   1 62788230915
   1 62794779071
   1 62807172288
   1 62815797502
   1 62815871911
   1 62848670925
   1 62849982187
   1 628536470405304
   4 62875724553
   1 62906894374
   1 62910400618
   4 62947726537
   6 62954369725
   1 62955200945
   1 62956171452
   1 62993370814
   1 63011110818
   4 63040549002
   6 63047298307
   2 63054849094
   5 63087392490
   2 63137114244
   1 63152744855
   4 63163222051
   1 63163290594
   1 63165769102
   1 63167222033
   2 63167972556
   1 63171214626
   1 63188243544
   1 63189053315
   1 63211132897
   1 63213765541
   1 63219008244
   3 63225225542
   1 63226778632
   2 63227668453
   1 63230842158
   3 63242725592
   1 63246035373
   1 63254174996
   3 63259638916
   1 63263834586
   2 6327829381
   1 63292613702
   1 63306232700
   2 63327831512
   2 63334655349
   1 63347157905
   1 63347647393
   1 63375528257
   1 63379650044
   1 63388505556
   5 63410554047
   1 63435622254
   1 63441043738
  11 63470445021
   1 63475971778
   1 63530482224
   1 63542892651
   2 63557049741
   1 63566250420
   1 63589978928
   1 63593852401
   1 63613758486
   2 63616959519
   2 63630812973
   1 63631745116
   1 63635690561
   1 63638248793
   1 63653287764
   1 63655435898
   2 63655893349
   2 63666178201
   1 63671843807
   1 63675145400
   1 63699806720
   1 63706705599
   2 63722481922
   1 63725093519
   1 637343225616135
   1 637365918118340
   1 63746930205
   2 63760479064
   1 63810657141
   2 63852976539
   2 63853087922
   1 63968354951
   1 63975096051
   7 63976255024
   1 63988291150
   1 64005781691
   1 64014315224
   1 64041731004
   1 64049858487
   2 64053061707
   1 64062846522
   9 64076313927
   1 64089722203
   4 64104992627
   1 64106698699
   2 64117131714
   1 64146484995
   1 64174982931
   3 64211615258
   2 64214279682
   2 64223191241
   1 64248903930
   2 64254821641
   1 64263938561
   1 64266435546
   1 64274344046
   1 64288376213
   1 64294337072
   2 64294601052
   2 64314402979
   2 64319943511
   3 64321116955
   4 64369587598
   2 64405773239
   1 64406357025
   1 64412920516
   1 64437304784
   1 64442261494
   1 64515887572
   1 64516470258
   2 64534850226
   6 64542961531
   1 64548688974
   1 646103832476395
   1 646107527391400
   1 646113464946964
   1 646114089900652
   1 646118091784515
   1 64642609906
   2 64663560365
   1 64677485184
   1 64768158792
   2 64797556961
   2 64828254489
   2 64874844444
   4 64983929135
   1 64997858503
   1 6500852818
   1 65020276433
   1 65084078707
   2 65101148467
   1 65123944173
   2 65202586874
   1 65287439945
   1 65288789475
   4 65303531659
   4 65307935443
   2 65335748982
   1 65362564011
   2 654939593377438
   1 654963013060974
   1 65514209632
   1 65517054718
   1 65572747358643
   3 65596706533960
   1 65650647177
   1 65669685259
   1 65699508902
   1 6572584653
   1 65743328449
   1 65756767299
   1 65769625996
   1 65773278457
   6 65826850326
   1 65844744784
   1 65865651144
   1 65869026072
   2 65978448638
   1 65991552101
   3 66006188902
   1 66043471290
   2 66059858236
   1 66069927941
   1 66084711478
   1 66088482812
   1 66113210673
   1 66139726474
   1 66159469838
   3 66186899560
   5 66206100067
   1 66208375170
   1 66239937008
   1 66322868270
   1 66325126444
   1 66350187100
   1 663693355399559
   3 663693652920156
   1 66408364402
   1 66433202399
   2 66456335747
   2 66480527752
   1 66524818451
   1 66549081234
   1 66560745415
   1 66601294178
   1 66609932889
   1 66628938875
   1 66684157894
   1 66779706703
   1 66808097066
   2 66811291274
   2 66862715517
   1 66868642206
   1 66880511643
   1 66894024610
   3 66923872039
   1 66944950544
   3 66950071262
   1 67005868913
   3 67027842036
   1 67030440031
   1 67040950983
   1 67052408307
   1 67076281395
   1 67084587143
   1 67109785708
   1 67121323592
   1 67206265833
   1 67206765621
   1 67216204022
   1 67239695448
   1 67242764195
   1 67293654399
   1 67325662920
   1 67333513322
   1 67348373236
   2 67355156540
   1 67362538084
   1 67443385468
   3 67468400643
   1 67479216376
   1 67520667853
   9 67561261536
  21 67579558320
   2 67610079474
   1 6761527691
   2 67652358263
   4 67683083645
   2 67778360919
   1 67779861534
   1 67792581799
   2 67871686368
   2 67878743102
   2 67884597802
   1 67903700519
   8 67944807519
   1 67952763007
   1 67955115433
   1 67956606269
   1 68007210150
   1 68010936322
   1 68013194360
   6 68017033609
   1 68023129803
   2 68027072858
   1 68037890430
   1 68068110961
  12 68072752582
   2 68099215018
   1 68108508760
   1 681286825414702
   1 681297182466126
   1 681299262839453
   2 681312815155678
   1 681314418958660
   2 681322630351220
   1 681330714348267
   1 68143286843
   1 68164787302
   1 68183963132
   1 68192081532
   1 68206739658
   1 68217215921
  10 68277686852
   1 68297329730
   1 68297827513
   1 68304013512
   1 68333559786
   1 68404637428
   1 68406473929
   3 68426451795
   2 68437640328
   2 68444568742
   1 68462117164
   1 68508423958
   1 68530023409
   1 68535867724
   1 68565872528
   1 68578094794
   4 68609151257
   1 68609490428
   1 68612161100
   1 68638142449
   3 68703974221
   1 68743992552
   1 68753897258
   1 68784700078
   2 68793469235
   1 68825316727
   8 68829699383
   4 68841148283
   1 68842703037
   1 68845394370
   1 68871083496
   1 690121316515565
   4 690125444228414
   1 69037153239
   1 69072695798
   1 69083887997
   1 69102429150
   1 69131659665
   1 69142468301
   4 69183122706
   1 69200205566
   2 69235915303
   2 69241129919
   3 69270804899
   3 69303895528
   1 69313020749
   1 69323280870
   1 69422160129
   2 69432382294
   4 69436265853
   1 69455676126
   5 69460950608
   1 69478982069
   1 69499864736
   1 69504036094
   4 69510673468
   1 69536681668
   1 69581400058
   1 69630562026
   2 69657353397
   2 69657872755
   1 69727289416
  11 69777332961
   1 69816642907
   1 69842683470
   1 69872142112
   1 69886817194
   2 69908272301
   2 69927768920
   1 69954544620
   2 69959564283
   1 69963322060
  13 69970607492
   1 69976650363
   2 70002848773
   9 70005964473
   4 70015326114
   4 70019234866
   1 7004267872
   3 70048829229
   1 70103691626
   1 70132621983
   1 70149215365
   3 70166245903
   1 70167232677
   2 70176133793
   1 70181951529
   1 70183267011
   1 70197958624
   1 70236714061
   7 70246620492
   2 70357989496
   2 70367893673
   1 70420066625
   1 70449582176
   1 70454520363
   1 70493507523
   1 70548121620
   4 70548518352
   1 70591295426
   1 70604029440
   1 70662441171
   1 70755236021
   1 70755464580
   1 707714799642931
   7 707715471772523
   1 707720150255294
   3 70808046388
   1 70817244321
   1 70818219258
   1 70876184109
   1 70882190271
   1 70896135515
   1 70901556974
   1 70902418769
   2 70963819888
   1 70965094263
  13 70967813427
   3 70979366579
   1 71015407303
   1 71036048179
   1 71040408693
   3 71041061612
   1 71065176312
   1 71066564079
   2 71070821865
   1 71113718563
   1 71167204528
   2 71191386666
   1 71193663101
   1 71200305658
   2 71210146591
   1 71242064434
   1 71279878617
   1 71302288683
   1 71312876391
   1 71315001797
   1 71318875853
   1 71329282280
   1 71363645886
   1 71411048108
   4 71465899003
   2 71487690524
   2 71496595958
   4 71503136443
   1 71515824773
   1 71553127439
   1 71573332813
   2 71582055431
   1 71584849717
   1 71588462512
   1 71600057008
   1 71610015893
   2 71639451868
   3 716476862184996
   1 71709751056
   1 71762074642
   1 71834863893
   1 71849024620
   1 71850652554
   1 71864328281
   1 71872456619
   2 71893114419
   1 71930050486
   1 71952167289
   1 71991865581
   7 72030288225
   3 72051219546
   1 72058924293
   1 72093295841
   1 72100608871
   3 72101052397
   1 72107214030
   2 72118075689
   1 72166764757
   1 72196967985
   1 72204767726
   1 72272532374
   2 72300978161
   1 72302506968
   1 72319562662
   1 72339612295
   1 72385836994
   1 72468766469
   1 72480084939
   4 72510552987
   1 72514307223
   1 725297796490551
   5 725299924315660
   2 725317655728412
   2 725334006180664
   1 72559200291
   1 72617828251
   1 72626469243
   1 72627270456
   1 72645512695
   1 72673380895
   1 72699243047
   1 72701169878
   1 72763258060
   1 72773084271
   1 72793507130
   1 72807510336
   7 72818660732
   2 72878543700
   1 72900688644
   3 72904941021
   2 72922999004
   1 72940146352
   1 72947536062
   1 72962332562
   1 72979304884
   2 72986436648
   1 73026102728
   1 73064547416
   2 73083105472
   1 73111668574
   5 73130340376
   1 73142189419
   3 73143241714
   4 73148834225
   7 73152635332
   1 73236745312
   3 73269712140
  13 73315244703
   1 73357110602
   2 734065895671655
   1 734071857623309
   1 734078619887036
   1 73463517539
   4 73489105055
   1 7351209324
   4 73533913734
   2 73553369226
   1 73611436871
   1 73615926361
   4 73622657269
   1 73674042847
   2 73681434975
   1 73707343156
   3 73712010674
   1 73714294096
   1 73748234418
   1 73776040282
   1 73809673735
   1 73831880985
   1 73843221310
   1 73868326223
   1 73869045015
   3 73914495600
   1 73971498993
   2 73978701910
   1 74008053060
   2 74035139780
   1 74049115032
   1 74220609602
   1 74266704380
   1 74280738438
   1 74308424867
   2 74317836823
   5 74384082060
   1 74390844487223
   1 74411723470276
   5 74412805068206
   1 74461837187
   1 74487915658
   1 74580815885
   1 74621556965
   1 74631551084
   3 74653822108
   3 74757714102
   2 74768495068
   1 74771224583
   1 74786483781
   3 74854204913
   3 74855134963
   1 74865691201
   4 74883745840
   4 74892160601
   1 74905441940
   1 74957632919
   1 74967495287
   1 74969473633
   3 74983749346
   1 75002061843
   1 75006864073
   2 75018931346
   4 75027059429
   1 75092142131
   2 75143983990
   1 751660152664935
   3 751666579651628
   1 751681783990963
   1 751682122682435
   1 751685994817950
   1 75195304938
   1 75214670386
   1 75246429106
   1 75261872244
   1 75266601544
   1 75311191855
   2 75326951736
   2 75370233711
   2 75373986149
   1 75374262482
   5 75378569145
   1 75462601612
  43 75467818198
   1 75476681155
   1 75477776371
   2 75495725776
   2 75499644471
   1 75521795114
   1 75532119885
   1 75557576314
   1 75579522919
   3 75598736843
   1 75599709318
   4 75615339494
   2 75623727488
   1 75632584499
   8 75632643569
   3 75632808555
   1 7564666531
   1 75654973308
   2 75665061020
   1 75688971393
   1 75721276249
   1 75735686716
   5 75749207082
   1 75750254938
   1 75776777832
   1 75786342870
   1 75820574443
   1 75824789004
   1 75826430308
   1 75849337419
   2 75852011344
   1 75900178715
   1 75944529580
   2 75947711733
   1 75964187518
   3 760481133106044
   3 760491773005067
   2 760497065441243
   1 76056591393
   1 76065841020
   1 76075251423
   1 76081288819
   1 76094335714
   1 76095202472
   1 76110543308
   1 76148822699
   1 76158367499
   1 76199546279
   1 76204131962
   3 76357745762
   1 76382813503
   1 76394856467
   2 76416848283
   8 76424204707
   1 76472461720
   2 76474073822
   1 76480019960
   1 76568850921
   1 76575406484
   4 76616565011
   1 76620644411
   4 76701383307
   2 76705984486
   1 76727438858
   2 76896231060
   6 76938744118
   1 76946990864
   1 77011810323
   1 77100967507
   1 77168449681
   1 77168785278
   2 77255431328
   1 77257389349
   2 77273213319
   1 77347901653
   1 77351828578
   1 77369855119
   9 77374802853
   1 77382908763
   1 77397967301
   9 77480724258
   2 77483188358
   4 77487454108
   1 77503705385
   1 77507591231
   1 77533678674
   1 77634154297
   1 77641496555
   1 77687103159
   1 77700761954
   1 77711661532
   1 77714113479
   7 77715681317
   2 77715871769
   3 77808314890
   1 77866147057
   3 77888583519
   1 77895428991
   1 77898422156
   1 78002326723
  15 78043934131
   3 78189531247
   1 78196824129
   3 78208150817
   1 78216444056
   5 78315301891
   1 78355342367
   4 78355412395
   3 78369962746
   1 78448799998
   1 78452532200
   2 78459776765
   1 78491246960
   1 78500623629
   1 78513610931
   2 78521458305
   1 78612868824
   2 78614042446
   1 78649512053
   1 78673218364
   1 786881660067564
  25 78691098299
   1 78806818492
  12 78810049954
   2 78814612890
   2 78895801663
   1 78926598616
   1 78932307926
   1 78959489759
   1 79012666351
   1 79050480375
   3 79158843120
   1 79162855970
   4 79173352862
   1 79175511897
   1 79321223560
   1 79330517808
   1 79342938818
   1 79358444304
   1 79362641953
   1 79382743684
   1 79475197621
   1 79527763416
   1 79547207776
   4 79548632409
   1 79565462252
   1 79624814661
   1 79724781800
   1 79752023533
   4 79772807177
   1 79793387856
   1 79806752259
   1 79917717453
   1 79968482801
   1 79982257808
  14 80067795797
   2 80073856197
   1 80083411846
   2 80100696147
   2 80119626455
   3 80164676307
   1 80190274850
   1 80215537584
   2 8031216229
   5 80357587232
   1 80371232722
   1 80419941952
   1 80425773721
   1 804442740890061
   2 804467562003240
   1 80514078452
   1 80532547274
   3 80579189991
   5 80611165938
   1 80626944968
   1 80632952083
   1 80712240296
   2 80744790011
   5 80745032657
   3 80758328744
   1 80799116182
   1 80928644412
   1 80951446466
   1 81007317667
   1 81058320705
   1 81195831075
   1 81206701518
   1 81302506429
   1 813259389409643
   1 813278988607340
   1 813292975038167
   2 81333647436
   1 81374519744
   1 81398836511
   1 81411314925
   2 81468944468
   1 81556428283
   1 81664493458
   1 81749055170
   1 81774952862
   9 81793710243
   1 81841405760
   1 81848108178
   2 81881034194
   1 81895251116
   1 81927640348
   2 81953779546
   3 82007659006
   1 82051799105
  23 82123556339
   1 82141699603
   1 822024333700990
   1 822037199198436
   1 822044138145620
   1 82258162351
   1 82313014411
   1 82383501905
   2 82398999697
   2 82461169453
   1 82480311983
   1 82506564001
   1 82506599439
   2 82516327012
   1 82612933140
   1 82656374538
   1 82704433414
   1 82823608820
   5 82919684218
   1 82925925998
   3 8297437572
   1 83005693451
   1 830864726436535
   1 83099197753
   1 83117224358
   1 83150231873
   1 83163486623229
   5 83169962376839
   2 83173821394180
   1 83174437685372
   1 83181626985853
   2 83227045950
   5 83268382282
   1 83307044560
   4 83337580201
   1 83350971645
   3 83357987291
   1 83404191238
   6 83444669518
   1 83444710326
   1 83470228852
   1 83480404003
   1 83514943752
   1 83583447855
   1 83583657300
   2 83683136652
   2 83705664652
   1 83747246380
   1 83775163205
   2 83784860462
   2 83785430751
   5 83786015662
   1 83802847932
   2 83802969671
   1 83803798078
   1 83852246855
   1 83857101531
   2 83869398952
   1 83900892011
   1 83913527632
   4 83926582025
   1 839632485090077
   3 839633231417963
   1 839641030730700
   1 83964575017
   1 839652282205944
   1 83966754577
   1 84077544606
   2 84087040518
   2 84198370295
   4 84242984982
   4 84265680299
   1 84275914643
   1 84297676288
   1 84321719763
   3 84328499212
   1 84331088028
   8 84336586675
  12 84337980419
   2 84381449519
   1 84387694475
   3 84494473311
   4 84550205633
   1 84564403356
   1 84593932665
   1 8462626191
   1 84650004712
   1 84651546026
   1 84665516902
   6 84679846057
   1 84683393349
   6 84693632291
   1 84705284127
   6 84721261252
   1 84723565199
   1 84727915271
   4 84754212156
   4 84770584303
   1 8481578694
   1 84838584569
   2 848446238237101
   1 848446691230796
   1 848459031647357
   1 84917081308
   2 84917863933
   4 84931730372
   2 84949220399
   1 84954226224
   1 85051935807
   2 85053271329
   2 85152745751
   3 85212884743
   1 85214150022
   3 85259219370
   1 85268284693
   1 85312564285
   1 85379334412
   1 85450535128
   1 85470189573
   4 85508717453
   2 85513767448
   1 85519431698
   6 85601727832
   1 85616683987
   1 85618528605
   1 85660846017
   2 85682025445
   1 85717122089
   1 857209883861532
   1 857210041926347
   1 857213606824638
   1 857231791236940
   1 857249372202020
   3 85726741040
   3 85737858991
   1 85780271941
   1 85849889979
   1 85858077829
   1 85870115731
   1 85897230831
   1 85925659299
   1 85945747867
   1 85980199628
   2 86021050099
   1 86033934992
   3 86134965662
   1 86160063364
   1 86205868268
   1 86241298906
   2 86241788954
   1 86283383097
   1 86325082520
   1 86409921589
   2 86410041749
   6 86479376607
   1 86576524487
   2 86601206028
   1 866039565124157
   1 86661284763
   1 86681800528
   1 86695470388
   1 86728176014
   2 86767206251
   1 86805198031
   5 86922382017
   2 86927780592
   1 86934835935
   1 86940629663
   1 86966157581
   1 87018054988
   3 87019366075
   1 87035497119
   2 87113654104
   1 87145769614
   1 87159186159
   7 87269012777
   3 87274390662
   1 87360424915
   1 874810173038148
   3 87539347849
   6 87601819784
   1 87616480871
   1 87626057608
   1 87682361960
   1 87713681724
   2 87717775040
   1 87749847394
   1 87777163031
   1 87828086550
   1 87850028156
   2 87857967700
   1 87868466791
   3 87894201648
   1 87898772088
   1 87917144676
   1 88014069621
   4 88036727822
   2 88060694022
   1 88104951552
   1 88157229883
   1 88180342603
   4 88181906703
   1 88206297961
   1 88207593320
   1 88253352541
   7 88266007883
   1 88274794425
   1 88280818597
  12 88333521773
   2 88344707269
   1 88348679633
   1 883626741862264
   4 883655064952571
   1 883657474837012
   3 883660672997128
   1 883662630425320
   1 88503926578
   1 88514957780
   1 88521794819
   2 88611494514
   7 88612128188
   2 88626348518
   1 88650930346
   1 88728686430
   1 88761917872
   1 88814318008
   1 88830386873
   1 88934132137
   1 88976807900
   1 88998154638
   7 89029349401
   1 892401890889464
   1 892421672011390
   5 89323780880
   1 89345478701
   2 89467137351
   1 89835017856
   2 89847027790
   1 89852104754
   1 89852523288
   1 89863091819
   5 89877855591
   5 89923470088
   6 89932629814
   1 90090317639
   1 901242655081501
   1 90125516047
   1 910031249743021
   1 91469097117
   1 91509070067
   1 91565233784
   1 91611091449
   1 91619637699
   2 91636666605
   1 91639870829
   1 91652682870
   1 91656406971
   2 91658945182
   1 91663051812
   1 91668038450
   1 91677100406
   1 91677970457
   8 91688225948
  13 9169103388
   1 91699380221
   1 91703394099
  17 91712027184
   1 91729515171
   2 91743175865
   2 91757114432
   1 91823699719
   1 918814874936350
   1 918832096226996
   1 918833472757028
   1 918846131148820
   1 91903534714
   2 91931984198
   3 91977655793468
   5 92028166422
   1 92044390759
   2 92093670045
   1 92193800134
   1 92195892351
   2 92201052414
   2 92212765077
   1 92268810591
   4 92285466321
   1 92312009819
   1 92330731094
   1 92338807162
   1 92358484116
   1 92359533036
   1 92361860920
   3 92438523327
   6 92440704622
   2 92449740998
   5 92454600434
   2 92459051193
   2 92460301016
   5 92466372611
   1 92467581143
   4 92475785926
   1 92499915478
   2 92500348946
   2 92508186998
   1 92514271519
   1 92516074992
   1 92521429356
   6 92543763379
   1 92557094669
   1 92587192281
   1 92609063969
   1 92611841516
   3 92628529822
   1 92630682247
   1 92633224903
   1 92662667895
   1 92674744576
   1 92679288625
   1 92692622644
  10 92705123218
   1 92709775671
   1 92722888640
   3 92738827665
   1 927591689369815
   1 927593313342071
   1 927603296580381
   1 927617423512407
   1 927619287091710
   1 92771190469
   2 92833551289
   5 92868355847
   1 92876607622
   1 92878576699
   6 92901105793
   1 92946704402
   1 92949222580
   1 92963656273
   2 92964150986
   9 92975734275
   1 92979129617
   2 92996983746
   1 93009069305
   1 93021978434
   1 93022635690
   1 93032101827
   1 93053799470
   1 93055224709
   1 93069201719
   1 93073486869
   1 93106429575
   1 93109078756
   1 93115545210
   1 93126187430
   2 93153730333
   1 93165519888
   1 93174115799
   2 93178244290
   1 93178742600
   4 93189025747
   6 93191098664
   1 93197516767
   3 93200971620
   3 93205690157
   1 93212675131
   2 93223356822
   1 93235196687
   1 93237682560
   1 93245911153
   3 93252403083
   1 93255478315
   1 93268925574
   1 93280617075
   1 93283836560
   1 93285832425
   1 93287624868
   3 93309182870
   1 93309197790
   1 93326012957
   1 93327031033
   2 93332337476
   6 93334020526
   1 93339754087
   2 93350075505
   2 93359042388
   1 93365974194
   2 93389018919
   1 93389153804
   1 93389516608
   1 93391090983
   1 93391333035
   1 93398133551
   3 93399707310
   1 93404554096
   2 93411820999
   3 93414576421
   4 93427976162
   1 93432727315
   1 93440758912
   1 93448826022
   1 93461054552
   1 93485306122
   1 93490683639
   1 93491576036
   2 93496978589
   1 93518989932
   1 93537812276
   1 93542294142
   1 93558725980
   1 93562265874
   1 93572972807
   1 93577021461
   5 93586147420
   1 93589839398
   2 93594245191
   1 93632400254
   2 936433896141675
   1 936436604352788
   1 93661636185
   1 93667005683
   3 93683251184
   1 93762072661
   2 93763081366
   1 93805724566
   2 93852412819
   8 93907848898
   1 93910010234
   1 93921652715
   1 93940102077
   4 93962852477
   1 94014978826
   1 94058262231
   1 94085128286
   1 94089551584
   2 94094802581
   4 94095009865
   1 94106225389
   1 94106523603
   1 94171074203
   2 94180888813
   2 94181398880
   1 94193823246
   3 94197181700
   1 94206274750
   2 94209724465
   2 94235973649
   3 94244050921
   2 94252665998
   1 94271185161
   7 94284217764
   2 94284719134
   2 94296202851
   1 94315761883
   3 94338832959
   1 94345968020
   1 94351718963
   1 94360871797
   1 94367982760
   1 94377973706
   1 94382353707
   1 94392034035
   1 94400398390
   6 94414812878
   1 94418221507
   1 94439865856
   2 94483836922
   1 945170761391507
   4 94518243879
   1 945183408526187
   1 945195083903607
   1 94529831207
   3 94552181225
   1 94588014849
   2 94606781039
   3 94682366851
   5 94701402813
   2 94707492390
   1 94714739049
   1 94716721829
   1 94735438469
   4 94755515796
   1 94764992636
  12 94793587243
   1 94806504540
   1 94814458657
   1 94827189165
   1 94872547249
   1 94903392645
   3 94928054059
   1 94964339061
   2 94974537068
   2 95031363643
   1 95035505182
   2 95035620452
   1 95048824179
   3 95104887498
   1 95109641212
   1 95129608692
   1 95159733986
   1 95161474244
   1 95177287502
   1 95185066539
   1 95198306728
   1 95212582577
   1 95231285404
   1 95240747032
   1 95256156727
   1 95288113243
   1 95293960982
   1 95295921934
   1 95312770205
   1 95327678426
   2 95331989108
   2 95335616588
   1 95342627380
   1 95345030292
   1 95345583525
   1 95358109553
   3 95371247360
   5 95378569762
   3 953994833040907
   1 953995534277143
   1 954000750947660
   1 954006223993304
   1 95417134306
   2 95418380946
   1 95419319425
   1 95429312019
   1 95441392298
   8 95461511171
   1 95468371650
   1 95471646943
   2 95488345116
   2 95491358915
   1 95510210994
   1 95518679590
   1 95537223358
   1 95538593609
   1 95540085279
   1 95542044103
   6 95547393743
   2 95568313716
   1 95573914614
   4 95575622538
   1 95616144200
   2 95616277486
   4 95617266032
   2 95621077710
   1 95630605201
   1 95646217058
   1 95681384791
   1 95681903537
   1 95706780068
   1 95712363255
   1 95718455212
   3 95721149989
   1 95734653252
   1 95763480803
   1 95765736929
   8 95767306217
   1 95770550183
   1 95782031660
   4 95788634804
   2 95805023047
   3 95822221140
   2 95829704602
   3 95834928323
   1 95840348679
   1 95843164613
   1 95844061232
   1 95845330308
   1 95849133404
   5 95879187718
   1 95892646991
   3 95897263381
   1 95899946249
   3 95912943704
   1 95913401834
  12 95932755832
   1 95933676287
   1 95947309533
   1 95966428766
   1 95977187363
   2 95985833855
  10 95986186640
   1 95992274133
   6 96000241730
   2 96001825653
   1 96003473275
   1 96004288636
   1 96008052602
   1 96019227547
   2 96025473065
   1 96026111479
   1 96030748538
   1 96031960153
   1 96039296872
   2 96039517167
   3 96049522643
   1 96070489776
   2 96090491637
   1 96091511551
   3 96092971703
   1 96100282773
   1 96103730751
   3 96105749372
   1 96145139907
   1 96148280853
   1 96156617716
   2 96167685595
   1 96173029708
   1 96194681610
   4 96235715735
   7 96237199469
   2 96242969878
   3 96248873533
   6 96253619943
   2 96263028348
   2 962772008451949
   4 96288240371
   1 96291693047
   2 96293915164
   1 96300168753
   1 96313199234
   1 96314672745
   1 96324087744
   1 96328666098
   1 96329942831
   1 96337290920
   3 96345411382
   1 96346418300
   1 96347233585
   1 96352739027
   1 96356203165
   1 96364500863
   1 96367182113
   2 96393291448
   1 96395317254
  36 96396015776
   4 96431293132
   1 96439698147
   2 96444804907
   3 96448296842
   7 96455964195
   1 96465343841
   1 96472110398
   2 96474170212
   1 96484698976
   2 96494194373
   9 96501928655
   2 96502863312
   1 96517847457
   1 96520656986
   1 96543575297
   1 96547126322
   1 96551000977
   6 96551087602
   1 96551727984
   1 96562198208
   1 96566860426
  10 96573233062
   2 96600205230
   1 96605244886
  10 96616276559
   1 96616314036
   1 96623433453
   1 96629094796
   5 96658047835
   3 96658258248
   1 96662319898
   1 96673546567
   1 96682509816
   1 96713412112
   1 96721356761
   2 96725870541
   1 96729567012
   1 96748615075
   1 96762676263
   2 96772914249
   1 96790190534
   1 96791605511
   1 96797546661
   1 96797925331
   1 96802011590
   1 96812634259
   1 96818771115
   1 96820820620
   3 96826023967
   5 96826063380
   1 96826224154
   3 96833063482
   1 96835072438
   1 96836397221
  18 96838367775
   2 96840121160
   8 96847295805
   2 96848259999
   1 96851510296
   1 96865493955
   1 96866954712
   1 96902571381
   1 96904853024
   1 96921825540
   1 96923374582
   1 96928060404
   1 96963331033
   8 96964254088
   1 97005000028
   2 97010481971
   2 97055625937
   1 97061484236
   1 97064433529
   1 97078620760
   1 97086283721
   1 97100517684
   1 97100963682
   1 97102413989
   2 97107469897
   1 97118209516
  15 97125778416
   3 97133821147
   3 97134409572
   1 97157708145
   1 971588750553915
   1 971605439945931
   1 971619178914684
   2 97189077032
   2 97189319914
   1 97215292002
   1 97223329471
   3 97223506995
   1 97224306615
   1 97227664973
   1 97232531241
   1 97237452456
   1 97252861811
   1 97253191573
   2 97256159556
   1 97259499971
   2 97261479696
   1 97277180557
   1 97286646446
   2 97289117292
   1 97292982168
   1 97294002071
   1 97295587325
   1 97304625231
   1 97315373316
   1 97345624786
   5 97351543188
   1 97353318445
   7 97357763034
   1 97409100202
   1 97425467962
   1 97435420819
   1 97529694268
   2 97556197534
   1 97574617085
   1 97581624418
   1 97598376362
   1 97602884047
   1 97604521348
   1 97604539345
   1 97630632039
   1 97633566192
   1 97648905707
   1 97658181264
   1 97658286838
   1 97659427673
   1 97665489628
   1 97693209174
   1 97697751168
   2 97706355911
   3 97723183514
   1 97735462120
   3 97742913845
   1 97777011614
   4 97800762405
   1 97811929297
   5 97823402354
   1 97837494541
   2 97843621277
   1 97847871184
   1 97860876218
  10 97867615298
   1 97871802645
   1 97874967546
   2 97880329500
   2 97882171875
   1 97890368577
   1 97904465101
   1 97909992890
   1 97919304059
   2 97932817741
   1 97953952849
   1 97958991141
   1 97960386694
   1 97961879522
   2 97965295732
   1 97970254508
   5 97972920184
   2 97973435366
   1 97995039858
   1 97995349118
   1 98006573801
   3 98009510033
   1 98023810772
   1 980357887571419
   2 980357922958285
   1 980364945529949
   1 980365361813005
   1 98037878840
   1 980379058571603
  33 98049224031
   1 98057784894
   1 98084628807
   7 98093125399
   1 98100950879
   1 98108204541
   1 98109561495
   1 98134892725
   1 98138976750
   1 98148242420
   1 98150619238
   1 98168676058
   1 98186674220
   3 98187566200
   2 98194007793
   6 98194561103
   1 98253712370
   1 98275135193
   3 98283996311
   1 98291001486
   1 98294013852
   1 98299206839
   4 98300920273
   1 98346799725
   1 98359224787
   2 98378663353
   1 98396569547
   2 98397562593
   2 98416564120
   1 98419520083
  10 98468447440
  10 98473514242
   1 98475580141
   1 98478692181
   2 98483573025
   2 98486793724
   4 98495270578
   1 98513044391
   1 98531674437
  12 98534048224
   1 98581945852
   2 98608433054
   3 98619331764
   1 98624729951
   1 98625897979
   1 98667181040
   1 98669227079
   3 98674185726
   1 98689904297
   1 98695810340
  10 98699249091
   1 98706529613
   1 98724250594
   1 98754370915
   1 98766826353
   1 98787010881
   2 98800531285
   1 98870026522
   1 98870688781
   1 98871918877
   1 98893422711
   1 98906046498
   5 989185132727251
   1 989192647356875
   2 98929350271
   3 98929365671
   4 98936410339
   5 98944355483
   4 98951746156
   7 98952485392
   1 98965397134
   1 98966254777
   1 98977237814
   2 98985961568
   1 99021305049
   6 99033017418
   1 99054322224
   1 99058692413
   1 99059650191
   1 99070823079
  16 99103538232
   1 99117748551
   6 99128549025
   4 99138528992
   1 99190904798
   1 99197075927
   4 99204810149
   1 99213404328
   1 99215265336
   3 99221421432
   3 99240290364
   1 99248287911
   1 99261881821
   1 99265941111
   3 99311011936
   2 99311344429
   1 99319951148
   1 99328627907
   1 99357706711
   1 99368057795
   1 99392830670
   1 99424612000
   4 99432683311
   3 99433781178
  10 99433855415
   1 99434259694
   1 99438193377
   2 99479754356
   3 99482223681
   3 99490554637
   7 99493479568
   1 99501034903
   2 99567286550
   3 99584499779
   1 99586325306
  42 99588156802
   1 99592663631
   1 99621090391
   2 99628743023
   1 99636153473
   2 99638772747
   1 99638901973
   2 99639615704
   2 99648536956
   2 99650971742
   1 99653041169
   1 99656259782
   7 99665576303
   1 99689817349
   2 99704773009
   1 99720064740
   1 99734321408
   1 99737305310
   1 99738446428
   5 99740735126
   1 99769537168
   1 99777932699
   1 99779364483
   1 99790718610
   1 99801381753
   1 99815732589
   3 99821730095
  12 99832387613
   1 99836084682
   1 99858416363
   8 99885672009
   1 99899809617
   1 99906497179
   1 99910876935
   2 99914812819
   1 99917563895
   1 99943999876
   1 99996961203
   1 99997701690
