   1 100097271025
   1 100131181095
   1 100146835325
   1 100164554622
   1 100232832405
   1 100267958672
   2 100344747322
   1 100363194151
   1 100372715526
   1 100372727129
   1 100446245676
   3 100478423299
   1 100677191671
   1 1006772744099149
   3 100697814063
   1 100842093239
   2 100849297810
   2 100950816819
   1 100960011952
   1 101031799617
   1 101072146724
   1 101129687288
   2 101189112496
   3 101296128771
   1 101304935448
   1 101383887890
   1 101441411841
   1 101535975693
   1 101553909854
   1 101562160976
   1 101572459242
   1 101611626319
   1 101697534791
   1 101755792425
   1 101779705764
   2 101797800752
   1 101884229966
   1 101891972800
   1 101893014341
   1 101903218494
   2 101911675918
   1 101963577425
   3 101969930026
   3 101982861080
   1 101992959209
   1 102076045148
   1 102224270973
   1 102269977857
   1 102292978727
   2 102308820739
   1 102352340549
   1 102393310351
   1 102488873481
   3 102571373470
   1 102577510729
   2 102634454531
  11 102636335609
   3 102655066525
   1 102655708909
   2 102656931729
   7 102659207114
   3 102661987826
   1 102783552775
   1 102805929959
   2 102861787884
   1 102903906375
   1 102972659752
   2 103237798969
   2 103245549485
   1 103282026923
   1 103356651109
   1 103394904470
   1 103395160116
   1 103429813472
   2 103558732328
   3 103612159755
   1 103883943715
   1 103899230334
   1 103999858587
   1 104040988760
   3 104064046248
   1 104161579092
   1 1041958898509811
   1 104216786117
   1 104253835871
   2 104423231197
   2 104477515652
   1 104486992979
   1 104599996887
   8 104645542169
   1 104650854062
   1 104656167598
   1 104697185048
   1 104771703657
   2 104804634394
   1 104876420344
   1 104941866460
   1 105000804292
   1 105009379464
   1 105016430366
   1 105019439626
   2 105143767738
   1 105149774291
   1 105174699533
   1 105179092017
   1 105262120232
   1 105305522317
   1 105325752570
   1 105329887107
   1 105346235690
   5 105381256587
   1 105441486812
   1 105516809810
   1 105576358268
   1 105636480961
   1 105693788485
   1 105792541276
   6 1059566009463320
   1 105975830223
   1 105984963989
   1 106001773091
   2 106005163185
   1 106056671938
   1 106072449839
   1 106082771817
   2 106095217290
   1 106097527823
   1 106103804005
   2 106124342748
   1 106125321707
   1 106176149972
   1 106210259017
   1 106275915625
   1 106353395547
   1 106391690323
   1 106393911206
   1 106577101519
   1 106640863318
   2 106768784898
   1 106813259819
   2 106814444974
   1 106917861718
   1 107703302155
   1 1077154987384108
   5 107743056849
   3 107751748939
   1 107775889633
   1 107921394922
   1 107955405820
   2 107969468449
   1 108065217731
   1 108311557947
   1 108319056992
   1 108431829391
   1 108614741306
   1 108942227245
   1 109013163187
   2 109108481891
   1 109402125224
   1 109543026971
   1 109562654777
   2 109639635068
   5 109667275850
   1 109700076506
   1 109777130742
   2 109861153461
   1 109910690010
   1 110015378154
   1 110063900074
   1 110077651488
   1 110214333378
   1 110306057510
   1 110312404395
   1 1103533243370475
   1 110477556879
   1 110623470625
   2 110670831978
   1 110688143251
   1 110815209007
   1 110871284996
   1 111271427520
   1 111336266640
   1 111404352425
   1 111412067365
   4 111424174425
   1 111468182397
   1 111474313693
   2 111495551255
   2 111522809174
   1 111528046239
   2 111579741120
   1 111606392207
   2 111643569192
   3 1121103184930343
   3 1121106065107259
   4 1129927832245757
   1 1147542575266139
   1 11605447476
   2 118360737320046
   2 1200308555618859
   1 1209086145484637
   1 1244240774957864
   1 1253063101525883
   1 1253068084881460
   1 1261834242892078
   4 127198809564395
   2 1297017945466284
   1 1420176269781032
   1 144763878653084
   1 144773264454923
   2 14510610119
   1 1472970293521742
   1 1481787285178206
   1 1516970967839115
   1 1516972701915476
   1 1534562794474763
   1 1560916425968446
   2 1569721315243547
   1 1578493251164669
   2 1596091828798286
   1 1596109205279191
   2 1666448256671620
   1 1675299938375723
   1 1684042266190429
   3 1692866956507099
   1 1710493245384077
   1 1736829316380595
   1 1798439596996532
   2 1824804812888679
   2 1833626497985796
   3 1851232015096888
   3 1868805494542659
   1 188730415264104
   1 1904001597318635
   1 1983133319703324
   1 1991965532764515
   1 2044711050153203
   2 2044724628691709
   2 2071068154799059
   1 21380705461
   1 215147790736924
   1 2159037889388324
   1 2159064395028829
   3 2167866261767396
   1 2185473238776423
   2 2229397833910315
   1 2273443543255096
   3 2273444570609982
   6 22768209374
   1 22876247389
   2 2299770866768471
   1 2308594462896270
   1 2308599824794813
   2 2326191667161595
   1 2326200557505672
   1 2343801518304232
   1 23666405266
   2 2396570355514387
   1 2405341248096727
   1 241503011092443
   1 2440520725432301
   2 2449361020398487
   1 2484537622009581
   5 2484547142551564
   1 24883947010
   1 2519733264983662
   2 2554894668282711
   1 2563649332848044
   2 2607675155423288
   5 2625290057812589
   2 2651623006410472
   3 2678066511616012
   1 2695640035623076
   1 2748398537549180
   1 276693856559975
   2 2818777842200891
   1 285511626014199
   2 285515769723667
   2 2906755129676199
   1 2906756216269851
   1 2915508355346542
   1 294273295581735
   1 2950693979426099
   1 2959535605813863
   1 2994704593979796
   1 3021052912617140
   1 3021075602737581
   2 3029875630542632
   1 3056267038833283
   1 3073862791072676
   1 3091435810991320
   1 3091449228822619
   1 3100243974967451
   1 3100250037814567
   1 3117851468379411
   1 3117867995510366
   1 3154024262
   2 3179400533386636
   4 3179405324593047
   1 3179416891700171
   1 3205798937243812
   1 3232162327836051
   1 3241011473812397
   1 3258591021906875
   2 3258599150468023
   1 3267349505644892
   2 3284958644548142
   1 3302527888006996
   1 3346533096895484
   1 338275717887534
   7 338280626009879
   1 338305093746404
   1 3399326440111532
   1 3460857181505219
   1 3487269306251707
   1 3487277309757668
   1 3487280312105368
   2 3504868637280036
   1 3513628032509133
   1 3522486150892708
   1 3557653924293688
   1 3592830636276587
   2 3601589731331012
   1 3601622718751459
   1 364662159063918
   1 3654374761697630
   1 3689575437054808
   1 3698382536443556
   1 3707171481335747
   1 3821526187255971
   2 3821545182734781
   2 3821554081211124
   1 3900664305688935
   1 3909516063159645
   2 391055136001947
   2 391056182217870
   3 3927082710338407
   1 3944672503277204
   2 3944684133298012
   1 3962262499630062
   1 4006212752122203
   1 4015041983289304
   1 4041400115019651
   1 4050221001346440
   2 4058997663469780
   1 4067820608167972
   8 4067831295254551
   1 4076603528191547
   1 408642393474263
   1 4094212324209662
   1 4111770547920347
   1 4111799849327895
   1 4120599676855068
   1 4138216363145275
   3 4164573234208071
   2 4208569717888188
   1 4217341986475652
   1 4261333227024824
   1 4270091809333496
   1 4287700184606840
   4 4296537372891988
   1 4305297021080579
   1 4331710835071127
   1 435007205946510
   1 4358091355719086
   1 4366901703350356
   1 4375658008949431
   1 4437251950906324
   3 4472436587235373
   1 4492834863
   6 461423528393187
   1 470200864222219
   1 479041869856301
   1 50051173496
   3 50330727516
   2 50463162969
   1 505379953586355
   1 51044231889
   1 51782699001
   1 51981611902
   1 52261440678
   2 52305452936
   2 52464993381
   4 52471864095
   3 52556294966
   1 52590397297
   1 52617218702
   1 52636163760
   2 52844727471
   3 53369131000
   1 53508804119
   1 54119936425
   1 54172329120
   2 54251825472
   2 54278629747
   1 54280942465
   1 54639893023
   1 54865086402
   2 54906798506
   2 54920362003
   1 54943737439
   1 54979704886
   1 55009824125
   1 55651842931
   1 55760493155
   1 55785039275
   2 55787733891
   3 55979450230
   1 57347309059
   5 57524413635
   2 57607108914
   4 57607508637
   1 57702635687
   6 57833035660
   1 57836738284
   4 57885046483
   1 57898643499
   1 58054130027
   1 58274894115
   1 58417822128
   1 58483813254
   2 58516334061
   1 58544361854
   1 58546460081
   1 58574818593
   1 58582668618
   1 58590836959
   1 58607462923
   1 58622522882
   1 58627640290
   2 58634359034
   1 58680072067
   2 58734825979
   2 58781612611
   1 58800348561
   1 58881153813
   1 58893532218
   1 58905739697
   1 58929408076
   3 58936132667
   1 58997543807
   2 59054327754
   2 59118608713
   1 59120310131
   1 59136889387
   1 59192740882
   2 59236021525
   1 59243290950
   1 59245778093
   4 59400721675
   1 59470440973
   2 59522561409
   4 59538022133
   1 59600790156
   4 59611157920
   1 59619736004
   1 59631047999
   1 59698061638
   1 59753132229
   1 59784176751
   1 60003843504
   1 60096407384
   1 60193000284
   1 602186807514420
   2 60228094833
   1 60279307405
   1 60282990510
   2 60331148245
   1 60451067573
   1 60500012483
   1 60511103028
   1 60539559946
   1 60579555802
   1 60612082931
   1 60617373819
   4 60655602362
   1 60704844848
   1 60768837097
   1 60788475841
   1 60817921513
   3 60839852138
   1 60858284226
   1 61086888485
   1 61087009174
   1 610919920968237
   1 61135187832
   1 61183359760
   1 61235493008
   2 61275528964
   1 61332768080
   3 61360776362
   1 61493635565
   1 61515306812
   2 61565833606
   2 61626473408
   3 61738533254
   1 61741593014
   1 61829535352
   1 61854287150
   1 619751797425799
   3 619759962172189
   1 62068491120
   5 62100530690
   1 62184780422
   2 62201981038
   1 62206538547
   4 62241304201
   2 62297576606
   2 62456591021
   1 62461441049
   3 62468886683
   3 62496798488
   2 62546305642
   3 62556184957
   2 62574470075
   1 62651536819
   1 62653154341
   1 62692624087
   1 62737353492
   1 62738952215
   1 62788230915
   1 62849982187
   1 62954369725
   2 63047298307
   2 63165769102
   1 63259638916
   1 63435622254
   5 63470445021
   2 63475971778
   2 63557049741
   1 63675145400
   2 64014315224
   1 64104992627
   1 64321116955
   1 64369587598
   1 64542961531
   1 64797556961
   1 65202586874
   1 65303531659
   1 654939593377438
   1 65650647177
   1 66006188902
   1 66186899560
   1 66408364402
   2 66433202399
   1 66480527752
   1 66628938875
   1 66684157894
   1 66811291274
   7 67293654399
   1 67362538084
   1 67468400643
   4 67561261536
   1 67579558320
   1 67683083645
   1 67878743102
   1 67956606269
   3 68072752582
   2 68099215018
   2 681297182466126
   1 681312815155678
   2 68183963132
   1 68206739658
   1 68217215921
   1 68304013512
   1 68426451795
   1 68508423958
   1 68609151257
   2 68793469235
   1 68829699383
   1 690125444228414
   2 69460950608
   2 69499864736
   3 69970607492
   1 70246620492
   1 70357989496
   1 70367893673
   3 707715471772523
   1 70808046388
   1 70818219258
   1 70963819888
   1 71041061612
   1 71113718563
   1 71191386666
   1 71465899003
   1 71487690524
   1 71496595958
   1 71582055431
   1 71584849717
   1 71709751056
   1 71893114419
   1 72030288225
   1 72051219546
   1 72118075689
   4 72480084939
   2 72510552987
   3 725299924315660
   1 72626469243
   1 72645512695
   2 72818660732
   2 73152635332
   2 73315244703
   2 73681434975
   1 73712010674
   2 73776040282
   1 73978701910
   1 74390844487223
   2 74487915658
   1 74580815885
   1 74653822108
   1 75370233711
   1 75374262482
   1 75467818198
   7 75615339494
   2 75749207082
   1 75776777832
   1 75824789004
   1 760497065441243
   6 76424204707
   1 76472461720
   1 76620644411
   2 76701383307
   1 76938744118
   1 77100967507
   1 77374802853
   1 77711661532
   1 78355412395
   1 78926598616
   1 79158843120
   9 79772807177
   1 79968482801
   2 80067795797
   1 8031216229
   4 80357587232
   2 80579189991
   1 80611165938
   1 80712240296
   1 81333647436
   1 81411314925
   4 81793710243
   2 82123556339
   1 82398999697
   1 82480311983
   1 8297437572
   2 83005693451
   1 830864726436535
   1 83150231873
   1 83163486623229
   1 83268382282
   1 83307044560
   1 83337580201
   1 83357987291
   2 83583657300
   4 83786015662
   1 83802847932
   1 83964575017
   1 84242984982
   2 84328499212
   5 84336586675
   1 84387694475
   3 84494473311
   1 84693632291
   1 84721261252
   1 84754212156
   2 84931730372
   1 84949220399
   2 85508717453
   1 85616683987
   1 85682025445
   1 857249372202020
   1 86160063364
   1 86409921589
   1 866039565124157
   1 86681800528
   1 86922382017
   2 87035497119
   1 87159186159
   1 87269012777
   1 87868466791
   1 87894201648
   1 88014069621
   1 88036727822
   1 88104951552
   1 88157229883
   1 88266007883
   1 88333521773
   1 88612128188
   1 88814318008
   1 89029349401
   2 89323780880
   1 89835017856
   1 89847027790
   1 89852104754
   2 89852523288
   3 89877855591
   4 89923470088
   1 90125516047
   1 9169103388
   3 91712027184
   1 91931984198
   1 92044390759
   1 92440704622
   2 92454600434
   1 92475785926
   1 92499915478
   1 92500348946
   1 92543763379
   4 92628529822
   2 92705123218
   1 92963656273
   1 92964150986
   1 92975734275
   2 93055224709
   1 93069201719
   1 93126187430
   1 93153730333
   1 93189025747
   1 93245911153
   1 93350075505
   1 93427976162
   1 93558725980
   2 93586147420
   1 93589839398
   2 93661636185
   1 93683251184
   1 93763081366
   2 93907848898
   1 94106225389
   1 94180888813
   1 94181398880
   1 94193823246
   3 94244050921
   1 94271185161
   1 94315761883
   1 94338832959
   1 94382353707
   2 94414812878
   2 945170761391507
   1 94606781039
   2 94793587243
   1 95035620452
   1 95327678426
   1 95342627380
   2 95378569762
   1 95418380946
   2 95488345116
   1 95547393743
   1 95617266032
   2 95706780068
   1 95763480803
   2 95767306217
   2 95822221140
   1 95879187718
   6 95932755832
   1 95986186640
   1 96008052602
   1 96031960153
   2 96049522643
   2 96092971703
   1 96167685595
   3 96237199469
   1 96248873533
   1 96346418300
   1 96352739027
   1 96396015776
   8 96501928655
   1 96551087602
   1 96562198208
   2 96573233062
   1 96772914249
   1 96802011590
   3 96826023967
   1 96826063380
   2 96833063482
   1 96838367775
   1 96840121160
   1 97125778416
   1 97189077032
   1 97227664973
   2 97259499971
   1 97261479696
   1 97351543188
   1 97633566192
   2 97723183514
   1 97823402354
   2 97843621277
   2 97867615298
   1 97882171875
   2 97970254508
   2 97972920184
   1 98006573801
   1 980379058571603
   2 98187566200
   1 98275135193
   1 98397562593
   1 98416564120
   3 98473514242
   2 98495270578
   1 98689904297
   3 98699249091
   2 98800531285
   4 989185132727251
   2 98944355483
   1 98965397134
   1 99054322224
   1 99070823079
   1 99213404328
   4 99311011936
   1 99311344429
   2 99433855415
   1 99584499779
   1 99586325306
   1 99588156802
   1 99592663631
   1 99621090391
   1 99636153473
   2 99638772747
   4 99665576303
   1 99689817349
   1 99704773009
   1 99720064740
   1 99740735126
   2 99832387613
   1 99885672009
