   2 100344747322
   1 1006772744099149
   3 100697814063
   2 100700500107
   1 100719765589
   1 100960011952
   1 101031799617
   1 101611626319
   1 101755792425
   2 101797800752
   1 101884229966
   1 101900540213
   1 101963577425
   3 101982861080
   4 102222704740
   1 102224270973
   1 102352340549
   4 102620499997
  11 102636335609
   1 102648806253
   3 102655066525
   2 102656931729
   7 102659207114
   3 102661987826
   1 102744294192
   2 102861787884
   1 102866849191
   1 102903906375
   1 102972659752
   2 103245549485
   1 103282026923
   1 103429813472
   2 103558732328
   1 103616059360
   1 103883943715
   1 103899230334
   1 103933847846
   1 103999858587
   1 1041963870850596
   2 104423231197
   2 104477515652
   1 104599996887
   8 104645542169
   1 104805138251
   1 105009379464
   1 105134882568
   2 105143767738
   1 105179092017
   1 105329887107
   1 105346235690
   5 105381256587
   1 105636480961
   1 105792541276
   6 1059566009463320
   1 105975830223
   2 106005163185
   1 106082771817
   1 106097527823
   2 106124342748
   1 106125321707
   1 106176149972
   1 106214541291
   1 106387174770
   1 106416433827
   2 106530967108
   1 106640863318
   2 106768784898
   2 106814444974
   1 106917861718
   1 107703302155
   5 107743056849
   1 107921394922
   1 108065217731
   1 108311557947
   1 108656248227
   1 108784137273
   1 109013163187
   1 109178348574
   1 109257911480
   1 109642315204
   5 109667275850
   1 109723023446
   1 109825474494
   2 109861153461
   1 110015378154
   1 110521337126
   1 110688143251
   1 110736460231
   1 110815209007
   1 110822749768
   1 111404352425
   4 111424174425
   1 111606392207
   2 111643569192
   3 1121103184930343
   3 1121106065107259
   4 1129927832245757
   1 1147534710421667
   2 118341766223480
   2 118360737320046
   1 1244240774957864
   4 127198809564395
   1 1402582377957076
   2 14510610119
   1 1481787285178206
   1 1516972701915476
   1 1534562794474763
   3 1692866956507099
   1 1736829316380595
   2 1824804812888679
   2 1833626497985796
   1 1983133319703324
   1 1991965532764515
   1 2018305653869565
   4 206300930381939
   2 2229397833910315
   3 2273444570609982
   2 2299770866768471
   1 2308594462896270
   1 2326200557505672
   1 2370139483275268
   2 2449361020398487
   5 2484547142551564
   5 2625290057812589
   3 2678066511616012
   2 285515769723667
   1 3082670275832412
   1 3091435810991320
   1 3117851468379411
   2 3179400533386636
   1 3258591021906875
   2 3258599150468023
   2 3284958644548142
   1 338275717887534
   7 338280626009879
   1 3460857181505219
   1 3487269306251707
   1 3557653924293688
   1 3592830636276587
   1 3601592870765559
   1 3610435394477476
   2 3689571198700715
   1 3689575437054808
   1 373481706101223
   2 3742327650132275
   2 391055136001947
   3 3927082710338407
   1 3944672503277204
   2 3944684133298012
   1 3962262499630062
   8 4067831295254551
   1 4076592639251684
   1 4111770547920347
   1 4120599676855068
   3 4164573234208071
   2 417410374439501
   1 4261333227024824
   1 4270091809333496
   1 4287700184606840
   4 4296537372891988
   1 4331710835071127
   1 4358091355719086
   1 4454853227062440
   1 4492834863
   6 461423528393187
   1 479010523449660
   3 50330727516
   2 50463162969
   1 51044231889
   2 52305452936
   4 52471864095
   1 52636163760
   2 52844727471
   1 53304917615
   1 54172329120
   2 54251825472
   2 54278629747
   1 54280942465
   1 54865086402
   2 54920362003
   1 55071566801
   1 55651842931
   1 55760493155
   3 55979450230
   5 57524413635
   4 57607508637
   6 57833035660
   1 57898643499
   1 58054130027
   1 58062943442
   1 58483813254
   2 58516334061
   1 58590836959
   2 58634359034
   3 58651677044
   1 58680072067
   1 58800348561
   1 58870645485
   1 58905739697
   1 58997543807
   1 59081696834
   2 59118608713
   2 59236021525
   1 59243290950
   1 59245778093
   4 59400721675
   1 59426898565
   1 59470440973
   4 59538022133
   1 59574123205
   4 59611157920
   1 602186807514420
   2 60228094833
   6 60483067677
   1 60520525136
   1 60589272995
   4 60655602362
   1 60817921513
   3 60839852138
   1 61087009174
   1 61135187832
   1 61241763798
   2 61275528964
   2 61626473408
   3 61738533254
   2 61923224897
   3 619759962172189
   3 62019499885
   1 62068491120
   5 62100530690
   1 62184780422
   2 62456591021
   1 62461441049
   3 62468886683
   1 62474953143
   3 62496798488
   2 62546305642
   2 62574470075
   1 62738952215
   1 62849982187
   1 62858477362
   1 62905899407
   1 62954369725
   2 63047298307
   5 63470445021
   2 63475971778
   1 63583881528
   1 63902021761
   1 64104992627
   1 64321116955
   1 64322431843
   2 64402893651
   1 64797556961
   1 65303531659
   1 66186899560
   2 66433202399
   1 66480527752
   1 66811291274
   7 67293654399
   1 67579558320
   1 67683083645
   1 67725586115
   1 67878743102
   3 68072752582
   2 681297182466126
   1 68426451795
   1 68508423958
   2 68793469235
   1 68829699383
   1 690125444228414
   2 69460950608
   2 69613490680
   2 69948471553
   3 69970607492
   1 70274958656
   1 70357989496
   1 70412434065
   3 707715471772523
   1 71041061612
   1 71465899003
   1 71487690524
   1 71912868448
   1 72030288225
   1 72051219546
   1 72203087986
   4 72480084939
   2 72510552987
   3 725299924315660
   1 72688584721
   2 72818660732
   2 73152635332
   2 73315244703
   1 73445055896
   1 73712010674
   1 73978701910
   1 74653822108
   1 76010242520
   1 76059227696
   6 76424204707
   1 76472461720
   2 76701383307
   1 76938744118
   1 77374802853
   1 77711661532
   2 79135969210
   1 79158843120
   9 79772807177
   2 80067795797
   4 80357587232
   1 80364462611
   1 80611165938
   1 81933945951
   1 81939158402
   1 82398999697
   1 83307044560
   4 83786015662
   1 83937474719
   1 83964575017
   1 84276411433
   5 84336586675
   3 84494473311
   1 84693632291
   1 84754212156
   3 85614587775
   1 86409921589
   1 866039565124157
   1 86681800528
   2 87035497119
   1 87389911655
   2 87727434449
   1 88128383705
   1 88333521773
   2 89323780880
   2 89852523288
   4 89923470088
   2 91657875889
   1 9169103388
   3 91712027184
   1 92440704622
   2 92454600434
   4 92628529822
   1 92964150986
   1 93069201719
   1 93189025747
   1 93427976162
   1 93558725980
   2 93907848898
   1 94106225389
   1 94193823246
   2 94196387267
   3 94244050921
   1 94271185161
   1 94382353707
   2 94793587243
   1 95418380946
   1 95436620600
   1 95547393743
   1 95742923227
   2 95822221140
   1 95879187718
   6 95932755832
   1 95986186640
   1 96031960153
   2 96092971703
   3 96237199469
   1 96396015776
   8 96501928655
   1 96698670855
   1 96772914249
   3 96826023967
   1 96826063380
   2 96833063482
   2 96926963506
   1 97125778416
   2 97259499971
   1 97261479696
   1 97301543384
   2 97723183514
   1 97823402354
   2 97867615298
   1 97882171875
   2 97970254508
   3 98473514242
   2 98495270578
   3 98699249091
   2 98800531285
   4 989185132727251
   1 99586325306
   1 99588156802
   1 99592663631
   1 99621090391
   2 99638772747
   4 99665576303
   1 99689817349
