   1 100046785109
   3 100047541744
   1 100059406834
  11 100344747322
   1 100415615814
   1 100461506716
   1 100484278930
   1 1006772744099149
   2 100693793576
   3 100697814063
   1 100948543402
   4 100960011952
   1 101031799617
   3 101114910974
   3 101260470181
   6 101410881423
   1 101611626319
   9 101626266989
   1 101755792425
   2 101796964509
   3 101797800752
   8 101884229966
   2 101953686203
   1 101963577425
   3 101982861080
   5 101990721453
   8 102062016570
   5 102180043988
   7 102224270973
   1 102269017585
   1 102269336321
   1 102305180796
   5 102352340549
   4 102386477320
   1 102487830905
   1 102574980941
   2 102636335609
   1 102655066525
   1 102656931729
   1 102659207114
   1 102661987826
   3 102861787884
   1 102903906375
   5 102933395891
   4 102972659752
   1 103017549932
   1 103152208006
  18 103245549485
   2 103282026923
   4 103429813472
   1 103463462733
   1 103485731076
   6 103558732328
   2 103600654544
   2 103644983972
   1 103661248089
   1 103687792238
   8 103883943715
   2 103899230334
   2 103999858587
   2 104028332856
   1 104096535970
   3 104106507019
   3 1041959278878299
   2 104324869938
   1 104341875702
  12 104423231197
   2 104436605275
   9 104477515652
   2 104523106910
   5 104599996887
   2 104626709453
   2 104645542169
   2 104681032408
   5 104850604469
   3 104988284899
   2 105009379464
   1 105032871085
   2 105123271623
  12 105127280374
   2 105143767738
   1 105179092017
   6 105329887107
   1 105346235690
   1 105381256587
   2 105438435010
   2 105636480961
   2 105725844172
   1 105790307208
   2 105792541276
   4 105859214730
   8 105945861511
   2 1059566009463320
   1 105975830223
   2 106005163185
   3 106082771817
   1 106097527823
   1 106124342748
   6 106125321707
   4 106176149972
   1 106388607976
   3 106413579963
   3 106640863318
   1 106709562837
  13 106768784898
   8 106814444974
   3 106830885549
   4 106849877630
   1 106917861718
   5 107703302155
   1 1077164468347229
   3 107736098544
   3 107743056849
   2 107746297027
   1 107894092597
   3 107921394922
   1 107970238596
   3 107977727960
   2 108013172273
   1 108065217731
   3 108072598166
   4 108106278817
   2 108164254296
   1 108280672340
   1 108311557947
   6 108360482376
   2 108372967508
   5 108955593283
   1 109013163187
   3 109090640891
   1 109092252243
   4 109125094974
   1 109140488814
   2 109273444707
   2 109285968650
   8 109410209246
   1 109446157087
   2 109482008881
   1 109489196513
  10 109495088029
   1 109644215123
   1 109667275850
   6 109861153461
   1 109910293841
  13 110015378154
   1 110071604655
   1 110100612863
   2 110171223796
   6 110223128822
   2 110275575064
   2 1103526818229687
   1 110625456774
   3 110688143251
   1 110782366150
   2 110815209007
   1 110817049591
   2 110833988564
   3 110924130411
   2 110929530711
   1 111181412838
   1 111203618824
  15 111241983872
   3 111404352425
   2 111424174425
  14 111606392207
   1 111628666343
   1 111643569192
   3 1121103184930343
   1 1121106065107259
   4 1129927832245757
   1 1156283354582068
   4 118360737320046
   1 11863651953
   1 1244240774957864
   9 127198809564395
   1 1332215348998355
   1 135930790282076
   1 1420170789130420
   1 1437786639447580
   2 1446596638412067
   3 14510610119
   3 1481787285178206
   2 1516972701915476
   2 1534562794474763
   1 1543309048943148
   3 1543314146858828
   1 1552159233541683
   1 1596115915643368
   3 1692866956507099
   3 1728058916348984
   1 1736829316380595
   1 1736834069563132
   1 1745655498811614
   1 1816049559538456
   1 1824804812888679
   3 1833626497985796
   1 1868809396554376
   2 1895154497100621
   1 19592852523
   1 1983133319703324
   2 1991965532764515
   6 2053488054907213
   3 2062308903750728
   1 2106263821878612
   2 2167881606105518
   4 2167890318460996
   1 2194242842136589
   5 2229397833910315
   1 2229440670342926
   3 2273444570609982
   1 2299770866768471
   1 2308594462896270
   5 2317374387391966
   2 23205191711
   1 2326200557505672
   1 232719878198920
   1 2343781514877668
   2 2352576473086684
   3 2449359373345245
   4 2449361020398487
   7 2484547142551564
   1 2510895452006894
   2 2625290057812589
  19 2678066511616012
   3 2686811940066060
   2 2748409145732395
   1 2757192544688076
   3 2765994833747550
   4 276667589475780
   4 285515769723667
   1 2871567067382043
   1 2933106050337341
   6 2959512616319672
   2 3012302532774807
   3 3029899692745166
   1 30380860378280
   2 3073849215950252
   1 3091435810991320
   5 3117851468379411
   2 3153017421178204
   1 3179386842384963
   1 3179400533386636
   2 3188206738871293
   3 3188224461912029
   2 3258576390072424
   4 3258577974199028
   1 3258591021906875
   2 3258599150468023
  15 3284958644548142
   2 3328942007653731
   1 3346532735658238
   4 338275717887534
   1 338280626009879
   2 3390482875431966
   3 3425682115011396
   2 3452103268500211
   1 3460857181505219
   2 3487269306251707
   5 3504879726764132
   1 3557653924293688
   3 355863302506263
   7 355880958441875
   1 3575255576347228
   2 3584011977892701
   2 3592830636276587
   3 3689575437054808
   1 3839131072609597
   1 3847882179882814
   1 3847887227987150
   3 3883075364201239
   1 3883077778014509
   1 391055136001947
   9 3927082710338407
   6 3944672503277204
   3 3944684133298012
   1 3953447181487051
   3 3962262499630062
   1 399833429709243
   1 4015044063137555
   7 4067831295254551
   1 4111770547920347
   5 4120599676855068
   4 4138204249719742
   2 4164573234208071
   2 417404716329741
   1 417411579519741
   3 4243759424109755
   1 4252509083810020
   2 4261333227024824
   1 4270091809333496
   1 4287700184606840
   3 4296537372891988
   1 4331710835071127
   3 4358091355719086
   1 4366913955969021
   1 4437277056436583
   4 4463629569361751
   1 4492834863
   4 4498801599715268
   1 461418517234254
   1 461423528393187
   1 461429079019236
   1 487780296956908
   1 50330727516
   9 50463162969
   4 50712731814
   1 50983593146
   4 51044231889
   5 52305452936
   1 52332174848
   1 52471864095
   1 52636163760
   1 52787384979
   4 52844727471
   7 54172329120
   5 54251825472
   7 54278629747
   1 54280942465
   3 54318349744
   2 54611135553
   2 54772320785
   2 54865086402
   8 54920362003
   1 55019809862
   2 55147842538
   1 55651842931
   2 55678792601
   3 55760493155
  19 55979450230
   1 56094687847
   2 56612823293
   1 566995773818103
   2 56816252620
   3 57431841191
   1 57451550285
   5 57524413635
   1 57607508637
   1 57725483908
   8 57779212227
   6 57833035660
   1 57898643499
   4 58054130027
   1 58239566040
   2 58397735682
   4 58483813254
   1 58506708631
   2 58516334061
   1 58576422322
   6 58590836959
   2 58634359034
   2 58664008125
   6 58680072067
   1 58697601315
   6 58708896778
   4 58800348561
   2 58894245011
   2 58905739697
   1 58912713318
   5 58997543807
   2 59016905102
   1 59020803764
   4 59116577226
  13 59118608713
   4 59190399636
   1 59220767995
   3 59236021525
   1 59243290950
   1 59245778093
   1 59247868759
   3 59322810347
   1 59349477080
  12 59400721675
   5 59470440973
   1 59538022133
   3 59581474826
   4 59611157920
   1 59667660592
   1 59683678142
   4 59885541282
   2 602186807514420
   1 60228094833
   7 60477202318
   1 60512619505
   2 60655602362
   1 60705691706
   3 60749070389
   4 60817921513
   8 60839852138
   2 61070218643
   2 61087009174
   2 61135187832
   5 61275528964
   1 61282022803
   4 61367721275
   1 61486156448
   3 61608456852
   8 61626473408
   5 61651039019
   6 61738533254
   1 61831233693
   1 61845633299
   1 61873120164
   5 61899931369
   5 619759962172189
   3 61986754338
   1 62068491120
   2 62100530690
   1 62184780422
   2 62302068315
   2 62456591021
   4 62461441049
   8 62468886683
   8 62496798488
   3 62546305642
   2 62555262435
   1 62574470075
   1 62618358398
   1 62738952215
   1 62784326944
   1 62849982187
   6 62954369725
   6 63047298307
   5 63087392490
   1 63246035373
  11 63470445021
   1 63475971778
   1 63635690561
   1 63638248793
   2 63760479064
   4 64104992627
   3 64211615258
   3 64321116955
   2 64405773239
   1 64442261494
   1 64515887572
   2 64797556961
   2 64828254489
   2 64874844444
   2 65101148467
   4 65303531659
   3 65596706533960
   1 65669685259
   1 65865651144
   1 66043471290
   1 66113210673
   3 66186899560
   1 66239937008
   1 66433202399
   2 66480527752
   1 66524818451
   2 66811291274
   3 67027842036
   1 67216204022
   1 67293654399
  21 67579558320
   4 67683083645
   2 67878743102
  12 68072752582
   1 681297182466126
   2 681322630351220
   1 68164787302
   3 68426451795
   1 68508423958
   1 68638142449
   1 68753897258
   2 68793469235
   8 68829699383
   4 690125444228414
   2 69241129919
   4 69436265853
   5 69460950608
  13 69970607492
   9 70005964473
   4 70019234866
   3 70166245903
   2 70357989496
   4 70548518352
   1 70591295426
   7 707715471772523
   1 70896135515
   3 71041061612
   2 71070821865
   1 71193663101
   1 71302288683
   4 71465899003
   2 71487690524
   4 71503136443
   3 716476862184996
   7 72030288225
   3 72051219546
   3 72101052397
   1 72480084939
   4 72510552987
   5 725299924315660
   2 725317655728412
   1 72807510336
   7 72818660732
   1 72979304884
   4 73148834225
   7 73152635332
   3 73269712140
  13 73315244703
   4 73622657269
   3 73712010674
   1 73869045015
   2 73978701910
   2 74317836823
   5 74412805068206
   3 74653822108
   3 74855134963
   3 74983749346
   1 751660152664935
   2 75665061020
   3 760481133106044
   1 76199546279
   3 76357745762
   8 76424204707
   1 76472461720
   4 76701383307
   2 76896231060
   6 76938744118
   2 77255431328
   9 77374802853
   1 77634154297
   1 77687103159
   1 77711661532
   7 77715681317
   2 77715871769
   1 77895428991
  15 78043934131
   3 78369962746
  12 78810049954
   2 78814612890
   3 79158843120
   1 79321223560
   1 79382743684
   4 79772807177
  14 80067795797
   1 80083411846
   2 80100696147
   5 80357587232
   5 80611165938
   2 80744790011
   5 80745032657
   1 81195831075
   1 81206701518
   1 81749055170
   2 81881034194
   3 82007659006
   1 822037199198436
   2 82398999697
   1 83307044560
   1 83480404003
   5 83786015662
   3 839633231417963
   1 83964575017
   1 84331088028
   8 84336586675
   3 84494473311
   6 84693632291
   1 84727915271
   4 84754212156
   2 85053271329
   1 857213606824638
   2 86241788954
   1 86409921589
   1 86576524487
   1 866039565124157
   1 86681800528
   2 86927780592
   1 87035497119
   1 87917144676
   1 88253352541
  12 88333521773
   1 883626741862264
   4 883655064952571
   3 883660672997128
   5 89323780880
   1 89852523288
   5 89923470088
   6 89932629814
   2 91636666605
  13 9169103388
  17 91712027184
   1 918814874936350
   1 918846131148820
   2 92212765077
   6 92440704622
   5 92454600434
   2 92459051193
   5 92466372611
   3 92628529822
   1 92679288625
   3 92738827665
   1 92946704402
   2 92964150986
   1 93069201719
   4 93189025747
   3 93252403083
   2 93389018919
   1 93389153804
   4 93427976162
   1 93558725980
   1 93572972807
   1 93762072661
   8 93907848898
   1 94106225389
   1 94193823246
   3 94244050921
   1 94271185161
   1 94382353707
   4 94518243879
   5 94701402813
   2 94707492390
  12 94793587243
   1 94872547249
   3 94928054059
   1 95240747032
   1 95312770205
   3 95371247360
   1 954000750947660
   2 95418380946
   1 95471646943
   6 95547393743
   2 95621077710
   3 95721149989
   3 95822221140
   5 95879187718
  12 95932755832
  10 95986186640
   1 96031960153
   2 96090491637
   3 96092971703
   7 96237199469
   2 96242969878
  36 96396015776
   9 96501928655
  10 96616276559
   1 96662319898
   2 96772914249
   1 96818771115
   3 96826023967
   5 96826063380
   3 96833063482
   2 97055625937
  15 97125778416
   1 97157708145
   1 971605439945931
   2 97189319914
   1 97259499971
   2 97261479696
   1 97604521348
   1 97658286838
   1 97659427673
   3 97723183514
   5 97823402354
   1 97847871184
  10 97867615298
   2 97882171875
   1 97970254508
   7 98093125399
  10 98473514242
   4 98495270578
   1 98513044391
  10 98699249091
   2 98800531285
   5 989185132727251
   3 98929365671
   4 98936410339
   2 98985961568
   4 99138528992
   4 99204810149
   3 99221421432
   7 99493479568
   1 99586325306
  42 99588156802
   1 99592663631
   1 99621090391
   2 99638772747
   7 99665576303
   1 99689817349
   1 99815732589
   3 99821730095
