   1 100041401966
   1 100046785109
   1 100047541744
   1 100059406834
   1 100064657851
   1 100081668503
   1 100243010798
   1 100263877845
   3 100344747322
   1 100415615814
   1 100461506716
   1 100484278930
   1 100580098391
   1 100622983912
   1 1006772744099149
   1 100693793576
   1 100697814063
   6 100700500107
   1 100716993108
   1 100719765589
   1 100948543402
   1 100960011952
   1 101031799617
   1 101114910974
   1 101125449771
   1 101194912986
   1 101198098223
   1 101210109906
   1 101260470181
   1 101340455904
   2 101410881423
   1 101576933543
   2 101611626319
   2 101626266989
   1 101678081196
   1 101679166825
   1 101755792425
   1 101763522173
   1 101794044163
   2 101796964509
   3 101797800752
   1 101826209200
   1 101862667991
   1 101865887817
   1 101884229966
   1 101900540213
   1 101953686203
   1 101954273793
   2 101963577425
   2 101982861080
   1 101987600330
   1 101990721453
   1 102049863390
   1 102052633939
   1 102062016570
   4 102122511249
   2 102180043988
   1 102187274060
   6 102222704740
   1 102224270973
   1 102269017585
   1 102269336321
   1 102305180796
   1 102352340549
   1 102363333553
   1 102386477320
   5 102487830905
   4 102557309132
   1 102574980941
   1 102583294866
   5 102620499997
  11 102636335609
   4 102648806253
   1 102655066525
   3 102656931729
   2 102659207114
  12 102661987826
   2 102662389380
   3 102744294192
   3 102861787884
   3 102866849191
   1 102903906375
   1 102933395891
   2 102972659752
   1 103017549932
   1 103152208006
   1 103245549485
   1 103252972436
   2 103282026923
   1 103429813472
   2 103463462733
   2 103485731076
   1 103558732328
   2 103600654544
   1 103609776630
   1 103616059360
   1 103632627416
   1 103644983972
   1 103658032782
   1 103661248089
   2 103687792238
   1 103826611790
   1 103883943715
   2 103899230334
   1 103933847846
   2 103999858587
   1 104028332856
   1 104096535970
   2 104106507019
   1 104140313863
   1 1041959278878299
   1 104196138253
   1 1041963870850596
   1 1041967699206459
   1 104285427799
   1 104324869938
   1 104341875702
   1 104423231197
   1 104436605275
   5 104477515652
   1 104486951433
   2 104523106910
   1 104598657676
   2 104599996887
   1 104607403808
   1 104626709453
   8 104645542169
   1 104681032408
   1 104746374911
   2 104805138251
   1 104850604469
   1 104861960667
   1 104941099618
   3 104988284899
   2 104999297014
   1 105009379464
   1 105032871085
   1 105052846773
   1 105123271623
   1 105127280374
   1 105134882568
   1 105143767738
   1 105179092017
   1 105191148510
   2 105329887107
   1 105346235690
   6 105381256587
   2 105438435010
   1 105471944893
   1 105596267361
   1 105636480961
   1 105664583688
   1 105725844172
   1 105790307208
   1 105792541276
   3 105822411951
   1 105859214730
   1 105945861511
   1 1059557735929566
   1 1059566009463320
   1 1059585005468328
   1 105975830223
   1 105992037798
   2 106005163185
   1 106024805109
   1 106082771817
   2 106097527823
   1 106117529975
   1 106124342748
   1 106125321707
   1 106173531292
   3 106176149972
   1 106214541291
   1 106329377285
   2 106387174770
   1 106388607976
   1 106413579963
   3 106416433827
   2 106530967108
   1 106637223111
   1 106640863318
   1 106658446122
   1 106666824670
   1 106709562837
   2 106768784898
   1 106794584360
   1 106814444974
   1 106830885549
   2 1068336202917811
   1 106849877630
   2 106894716476
   3 106917861718
   1 107703302155
   1 1077164468347229
   1 107736098544
   5 107743056849
   1 107746297027
   1 107795440652
   1 107894092597
   1 107921394922
   1 107970238596
   1 107973379699
   1 107977727960
   1 108006378010
   2 108013172273
   1 108044352967
   1 108065217731
   1 108072598166
   2 108106278817
   1 108164254296
   3 108204888351
   1 108280672340
   1 108298488287
   1 108307263600
   1 108311557947
   1 108320481757
   1 108325869693
   2 108360482376
   1 108360909762
   1 108372967508
   1 108598782548
   1 108600892429
   2 108656248227
   1 108664817050
   1 108676022950
   1 108784137273
   4 108955593283
   1 109013163187
   1 109049347053
   1 109090640891
   1 109091940535
   1 109092252243
   2 109125094974
   1 109140488814
   5 109178348574
   1 109257911480
   2 109273444707
   1 109285968650
   1 109331462727
   2 109410209246
   3 109446157087
   1 109482008881
   1 109488203448
   1 109489196513
   2 109495088029
   1 109577621486749
   1 109642315204
   1 109644215123
   1 109667275850
   1 109669817083
   1 109723023446
   1 109825474494
   1 109861153461
   1 109910293841
   2 110015378154
   1 110071604655
   1 110100612863
   1 110171113888
   2 110171223796
   1 110217857402
   2 110223128822
   1 110273004653
   1 110275575064
   1 1103526818229687
   1 110521337126
   4 110524488343
  26 110541851171
   2 110625456774
   3 110688143251
   1 110715465979
   1 110736460231
   1 110782366150
   3 110815209007
   1 110817049591
   1 110822749768
   1 110833988564
   1 110924130411
   1 110929530711
   1 111181412838
   1 111203618824
   2 111241983872
   1 111338273107
   1 111380907498
   1 111404352425
   1 111408988187
   6 111424174425
   1 111467784871
   1 111527072907
   1 111553046423
   1 111555363485
   1 111581576761
   1 111606392207
   1 111628666343
   1 111643569192
   1 1121103184930343
   3 1121106065107259
   1 1129927832245757
   4 1138709987341373
   4 1147534710421667
   2 1156283354582068
   1 118341766223480
   2 118360737320046
   1 11863651953
   1 1244240774957864
   1 127198809564395
   1 1297011951538035
   1 1297028349171159
   1 1314616494530647
   1 1314625322495180
   4 1332215348998355
   3 135930790282076
   3 1384979518195604
   1 1402582377957076
   1 1411414015881363
   1 1420170789130420
   1 1428987037354780
   1 1437786639447580
   1 1446596638412067
   1 144780358593403
   2 14510610119
   2 1481787285178206
   1 1490536700850408
   2 1516972701915476
   1 1534562794474763
   1 1534572667602860
   1 1543309048943148
   4 1543314146858828
   1 1552159233541683
   2 1569753113562667
   1 1587328368000628
   1 1587328685185387
   1 1596115915643368
   1 1631272650673220
   1 1666459220847628
   1 1692866956507099
   1 1701656317931597
   1 1728058916348984
   1 1736829316380595
   1 1736832914555591
   1 1736834069563132
   1 1745655498811614
   1 1780853089255096
   1 1816049559538456
   1 1824804812888679
   2 1833626497985796
   1 1859995129089740
   1 1868809396554376
   1 1895154497100621
   1 1930340201147715
   1 1930370737774188
   2 19592852523
   1 1983133319703324
   1 1991965532764515
   1 2018304338956781
   1 2018305653869565
   1 2027124141074071
   1 2053488054907213
   1 2062308903750728
   1 2062339446154219
   2 206300930381939
   1 2088679070765096
   1 2106263821878612
   1 215126636758020
   1 2159049212958644
   1 21612781648173
   1 2167881606105518
   2 2167890318460996
   1 2194242842136589
   2 2229397833910315
   1 2229440670342926
   2 2238234654945780
   1 2255818286177421
   2 2273444570609982
   1 2291011648764372
   1 2291016000090167
   4 2299770866768471
   1 2308594462896270
   2 2308611851423614
   1 2317374387391966
   1 23205191711
   4 2326200557505672
   1 2326210540483277
   2 232719878198920
   1 2343781514877668
   1 2352576473086684
   1 2352578519121533
   1 2370139483275268
   1 2370146984529549
   1 2370175385739547
   1 241505651658526
   1 2422936608978174
   2 2449359373345245
   1 2449361020398487
   1 2475701406011101
   5 2484547142551564
   1 2493296196467320
   1 2510895452006894
   1 2510902556373732
   1 25262500230
   1 25308677225
   1 2546074755542503
   1 2572502790841916
   1 259079813471524
   5 2625290057812589
   1 2634060131206205
   9 2678041416044247
   3 2678066511616012
   2 2686811940066060
   1 2739580417086891
   1 2748409145732395
   1 2757167537720324
   1 2757192544688076
   1 2765994833747550
   2 276667589475780
   1 2845127892801581
   1 2853977531627118
   1 285502379656252
   2 285515769723667
   1 285524996144267
   2 2871567067382043
   1 2897917494960700
   1 2906735577141341
   1 2915508707407246
   2 2924337280333196
   1 2933106050337341
   1 2941936156815212
   1 2950708917176691
   1 2959512616319672
   1 2959533022644123
   1 3012302532774807
  11 3029873498522779
   1 3029899692745166
   1 30380860378280
   1 30382369279111
   1 3073849215950252
   4 3082670275832412
   1 3091435810991320
   1 3109013796163325
   1 3109031429540759
   1 3117851468379411
   1 311871029912388
   1 3135443642626372
   2 3153017421178204
   1 3179386842384963
   1 3179400533386636
   1 3188206738871293
   1 3188224461912029
   1 3196984909630003
   1 320695888257219
   1 320713197628068
   1 3241012190788839
   1 3241012326574904
   1 3258576390072424
   2 3258577974199028
   2 3258591021906875
   1 3258599150468023
   3 3284958644548142
   1 3302564389205112
   1 3328942007653731
   5 3328972857809912
   1 3346532735658238
   1 3364140678386823
   1 338275717887534
   8 338280626009879
   1 3390482875431966
   2 3425682115011396
   1 3452103268500211
   5 3460857181505219
   1 3487269306251707
   1 3504879726764132
   2 3513661418123287
   1 3548827252692564
   1 3557653924293688
   1 355863302506263
   1 355880958441875
   1 3575255576347228
   1 3584011977892701
   3 3592830636276587
   1 3601592870765559
   1 3601615828812023
   1 3610418931315448
   1 3610435394477476
   1 3619202506958755
   2 3628029842831630
   2 3671987101112125
   1 3689571198700715
   1 3689575437054808
   1 3689584937930936
   1 3715979671511628
  10 373481706101223
   1 3742327650132275
   1 3839131072609597
   1 3847882179882814
   1 3847887227987150
   1 3874299465962766
   1 3883075364201239
   1 3883077778014509
   5 3891903335244664
   2 391055136001947
   1 39201919731740
   1 3927082710338407
   1 3944672503277204
   2 3944684133298012
   1 3953444427663181
   1 3953447181487051
   5 3962262499630062
   1 3988618179779004
   1 399833429709243
   1 4015044063137555
   1 4041414522438926
   1 4050232646841768
   3 4067831295254551
   1 4076582637156045
   1 4076592639251684
   2 4111770547920347
   1 4120599676855068
   2 4138204249719742
   1 4164573234208071
   1 417404716329741
   1 417410374439501
   1 417411579519741
   1 4208571134251220
   1 4243759424109755
   1 4252509083810020
   2 4261333227024824
   1 4270091809333496
   1 4287700184606840
   1 4296537372891988
   1 4314128296976636
   1 4331710835071127
   1 4358091355719086
   2 4366913955969021
   1 4437260298356382
   1 4437277056436583
   1 4454853227062440
   1 4463629569361751
  16 4472444156918444
   1 4472446234396520
   2 4492834863
   1 4498801599715268
   1 461418517234254
   1 461423528393187
   1 461429079019236
   1 479010523449660
   1 47973917004039
   1 487780296956908
   1 50109112116
   2 50330727516
   1 50463162969
   1 50712731814
   1 50983593146
   1 51044231889
   1 51125674065
   1 51694476519
   7 52305452936
   2 52332174848
   1 52379687326
   2 52471864095
   1 52636163760
   1 52668411852
   1 52787384979
   2 52844727471
   1 531818445542126
   9 53304917615
   1 53885118770
   3 54172329120
   2 54251825472
   1 54278629747
   1 54280942465
   1 54318349744
   1 54611135553
   1 54772320785
   1 54831232798
   1 54865086402
   1 54920362003
   3 55019809862
  22 55071566801
   1 55147842538
   1 55651842931
   1 55678792601
   2 55760493155
   1 55979450230
   1 56012252235
   1 56094687847
   1 56612823293
   1 566995773818103
   1 56805638028109
   1 56816252620
   1 56819687816
   1 56874100517
   1 57063720912
   1 57082449870
   1 57317809918
   5 57428192654
   1 57431841191
   3 57451550285
   1 57524413635
   1 57607508637
   1 57725483908
   1 57779212227
   1 57794939721
   3 57833035660
   1 57848226823
   1 57898643499
   2 57968705815
   1 57996887737
   1 58049829412
   1 58054130027
   2 58062943442
   1 58239566040
   1 58397735682
   1 58403943903
   1 58420536204
   1 58483813254
   1 58506708631
   1 58516334061
   2 58529388168
   1 58576422322
   3 58590836959
   1 58634359034
   1 58645554188
   1 58651677044
   1 58664008125
   2 58680072067
   2 58697601315
   1 58705128964
   2 58708896778
   1 58800348561
   1 58870645485
   1 58894245011
   1 58905739697
   4 58912713318
   1 58997543807
   1 59016905102
   1 59020803764
   1 59065673508
   1 59081696834
   1 59116577226
   1 59118608713
   1 59190399636
   2 59191399640
   1 59194114378
   8 59220767995
   2 59236021525
   2 59243290950
   2 59245778093
   1 59247868759
   1 59281647971
   1 59322810347
   1 59335550631
   1 59349477080
   3 59400721675
   1 59426898565
   1 59470440973
  11 59538022133
   2 59574123205
   1 59581474826
   4 59611157920
   1 59667660592
   1 59683678142
   1 59885541282
   1 59891104325
   1 60039234464
   1 60140450968
   1 602186807514420
   1 60227614217
   2 60228094833
   1 60276127170
   1 60291778767
   1 60450736323
   1 60477202318
   5 60483067677
   1 60512619505
   2 60520525136
   1 60531681888
   1 60589272995
   3 60655602362
   2 60655862437
   1 60697286416
   1 60705691706
   1 60738995305
   1 60749070389
   1 60817921513
   1 60839727030
   2 60839852138
   1 60967867473
   1 61070218643
   1 61087009174
   2 61112840939
   2 61135187832
   1 61175206776
   1 61241763798
   3 61275528964
   1 61282022803
   1 61355612333
   2 61367721275
   1 61486156448
   1 61608456852
   1 61626473408
   1 61651039019
   3 61738533254
   1 61831233693
   2 61845633299
   1 61873120164
   1 61899931369
   1 61923224897
   1 61966563210
   1 61970462093
   2 619759962172189
   1 61982106568
   1 61986754338
   1 62019499885
   1 62068491120
   8 62100530690
   1 62122781453
   1 62174149070
   1 62184780422
   1 62227610888
   1 62302068315
   1 62456591021
   2 62461441049
   2 62468886683
   1 62473912781
   1 62474953143
   2 62496798488
   1 62546305642
   2 62555262435
   1 62574470075
   2 62595850082
   1 62618358398
   1 62668588590
   1 6270144209
   1 62732569383
   1 62738952215
   1 6276500789
   1 62784326944
   1 62839305427
   2 62849982187
   1 62858477362
   1 62905899407
   1 62954369725
   1 63047298307
   1 63087392490
   1 63246035373
   1 63296842474
   5 63470445021
   1 63475971778
   2 6350445458
   1 63583881528
   1 63625792717
   1 63635690561
   1 63638248793
   1 63648692185
   1 63705577261
   1 637352144548344
   1 637353209902068
   1 63760479064
   1 63877665573
   1 63902021761
   1 63904708271
   2 64104992627
   1 64200662224
   1 64211615258
   1 64321116955
   2 64322431843
   1 64347032418
   2 64402893651
   2 64405773239
   1 64442261494
   2 64515887572
   1 646113177378316
   1 64707948091
   1 64797556961
   2 64828254489
   1 64874844444
   1 65101148467
   1 65134488476
   1 65303531659
   1 65333803832
   1 65451580183
   2 65596706533960
   1 65636699482
   1 65669685259
   1 65865651144
   1 65957617437
   1 66043471290
   1 66113210673
   1 66186899560
   1 66239937008
   1 66329411172
   1 66433202399
   1 66480527752
   1 66524818451
   1 66605775094
   2 66610181516
   2 66811291274
   1 67027842036
   1 67098976097
   3 67216204022
  11 67293654399
   1 67348288488
   1 67483054062
   2 67579558320
   3 67683083645
   1 67713618433
   1 67719950089
   1 67725586115
   1 67802633027
   1 67878743102
   3 68072752582
   1 681297182466126
   1 681322630351220
   1 68164787302
   3 68310389333
   1 68426451795
   2 68508423958
   1 68638142449
   1 68647928800
   3 68753897258
   1 68793469235
   3 68829699383
   2 690125444228414
   1 69241129919
   1 69389515579
   3 69436265853
   2 69460950608
   7 69613490680
   1 69766070132
   1 69796251606
   1 69933947707
   1 69948471553
   1 69970607492
   1 70005964473
   1 70019234866
   1 70166245903
   1 70220673506
   1 70266694296
   1 70274958656
   2 70357989496
   1 70412434065
   3 70514100393
   2 70548518352
   2 70591295426
   3 707715471772523
   1 70798136469
   1 70896135515
   1 70970394222
   1 71018093646
   1 71041061612
   1 71070821865
   1 71193663101
   1 71269966590
   1 71302288683
   1 71398102742
   1 71406112897
   2 71465899003
   1 71486348490
   1 71487690524
   2 71503136443
   2 716476862184996
   1 71841131267
   1 71908406033
  13 71912868448
   1 72030288225
   1 72051219546
   1 72101052397
   1 72203087986
   1 72267435465
   2 72480084939
   1 72510552987
   1 72522004163
   1 725299924315660
   1 725317655728412
   1 725325412829979
   1 72688584721
   1 72807510336
   4 72818660732
   1 72979304884
   1 73148834225
   1 73152635332
   1 73269712140
   1 73278011703
   1 73315244703
   1 73445055896
   1 73622657269
   1 73712010674
   1 73869045015
   1 73963491925
   2 73978701910
   1 74174180708
   1 74317836823
   2 74412805068206
   1 74498592279
   1 74557120113
   2 74653822108
   2 74658338695
   2 74855134963
   1 74946934588
   1 74983749346
   1 75118581954
   1 75123116073
   1 751660152664935
   1 75665061020
   2 75951066958
   3 76010242520
   1 760481133106044
  10 76059227696
   1 76199546279
   1 76357745762
   5 76424204707
   2 76472461720
   1 76501713988
   1 76701383307
   1 76896231060
   1 76938744118
   1 77255431328
   1 77374802853
   1 77540538792
   1 77634154297
   1 77687103159
   3 77711661532
   3 77715681317
   1 77715871769
   1 77880476419
   1 77895428991
   1 78043934131
   1 78046225263
   1 78125128235
   1 78369962746
   1 78810049954
   3 78814612890
   1 78924023360
   1 79090852396
   9 79135969210
   1 79158843120
   1 79162647446
   1 79321223560
   1 79382743684
   1 795679648136199
   2 79772807177
   1 79794723776
   2 80067795797
   1 80083411846
   2 80100696147
   1 80357587232
   4 80364462611
   2 80611165938
   1 80744790011
   1 80745032657
   2 81195831075
   1 81206701518
   1 813267920357799
   3 81749055170
   1 81805490066
   1 81881034194
   1 81933945951
  11 81939158402
   1 82007659006
   1 822037199198436
   1 82398999697
   1 830866538639556
   1 83112001900
   2 83280159937
   1 83285932070
   1 83307044560
   1 83480404003
   2 83634441085
   2 83786015662
   1 83902236560
   1 83937474719
   1 839633231417963
   1 83964575017
   1 84276411433
   1 84331088028
   1 84336586675
   1 84494473311
   3 84693632291
   1 84727915271
   1 84754212156
   1 85053271329
   1 85474854798
   3 85492777957
   1 85614587775
   1 857213606824638
   1 86241788954
   1 86409921589
   2 86553191096
   1 86576524487
   2 866039565124157
   1 866042455793444
   1 86681800528
   1 86927780592
   1 87035497119
   1 87389911655
   1 874808874376814
   1 87727434449
   1 87856507983
   1 87917144676
   1 88128383705
   1 88145567841
   1 88253352541
   1 88257539660
   4 88333521773
   1 883626741862264
   2 883655064952571
   3 883660672997128
   1 88675364249
   1 88721065061
   1 89032187723
   3 89323780880
   1 89807806526
   3 89852523288
   1 89923470088
   1 89932629814
   1 89936086835
   1 91497611370
   1 91636666605
   1 91657875889
   1 9169103388
   3 91712027184
   1 918814874936350
   1 918846131148820
   1 92212765077
   1 92440704622
   3 92454600434
   1 92459051193
   3 92466372611
   1 92628529822
   1 92679288625
   1 92738827665
   1 92923455121
   3 92924207628
   1 92946704402
   1 92964150986
   1 93015244558
   2 93069201719
   1 93124744400
   2 93189025747
   1 93237842703
   1 93252403083
   1 93389018919
   1 93389153804
   1 93427976162
   1 93558725980
   1 93568859276
   1 93569207151
   1 93572972807
   1 93680090993
   1 93762072661
   1 93907848898
   1 94106225389
   1 94188173063
   1 94193823246
   1 94196387267
   1 94232935975
   3 94244050921
   1 94271185161
   1 94272314668
   2 94277235123
   1 9431322329
   2 94382353707
   1 94427762338
   3 94518243879
   1 94663547039
   1 94701402813
   1 94707492390
   1 94748102180
   1 94764922591
   1 94793587243
   1 94817818018
   1 94872547249
   1 94923140443
   1 94928054059
   1 95201984532
   1 95240747032
   3 95312770205
   1 95371247360
   1 954000750947660
   1 954018794046536
   1 95415112438
   1 95418380946
   1 95436620600
   1 95471646943
   1 95537834011
   1 95547393743
   1 95574128502
   2 95621077710
   1 95721149989
   1 95742923227
   1 95822221140
   1 95879187718
   1 95932755832
   1 95977573922
   1 95986186640
   1 96005310856
   1 96021570384
   2 96031960153
   1 96090491637
   1 96092971703
  11 96134000367
   1 96237199469
   3 96242969878
   1 96285518522
   1 96343803777
   1 96396015776
   6 96501928655
   1 96616276559
   1 96662319898
   1 96667992893
   1 96698670855
   1 96772914249
   1 96818771115
   3 96826023967
   1 96826063380
   2 96833063482
   1 96871677562
   1 96926963506
   1 96928445296
   1 97055625937
   1 97111540729
   1 97125778416
   1 97157708145
   2 971605439945931
   1 97189319914
   5 97259499971
   2 97261479696
   1 97301543384
   1 97319700831
   1 97604521348
   1 97626487717
   1 97658286838
   1 97659427673
   1 97723183514
   1 97823402354
   1 97847871184
   2 97867615298
   1 97882171875
   1 97970254508
   2 98028473737
   1 980367919296100
   1 980373395744347
   1 98045818281
   4 98093125399
   1 98131476499
   1 98140866848
   1 98186481504
   1 98220394468
   1 98339366067
   2 98351247903
   2 98473514242
   1 98495270578
   1 98513044391
   1 98528314992
   1 98539645147
   1 98540728624
   1 98557083015
   1 98699249091
   2 98800531285
   1 989185132727251
   1 989212163179979
   1 98929365671
   2 98936410339
   1 98985961568
   1 99035209653
   1 99116469849
   1 99138528992
   2 99204810149
   1 99221421432
   1 99274952448
   1 99493479568
   1 99586325306
   1 99588156802
   1 99592663631
   1 99621090391
   1 99638772747
   2 99665576303
   1 99686797088
   1 99689817349
   1 99815732589
   1 99821730095
   1 99827821446
