   1 100097271025
   1 100131181095
   5 100146835325
   3 100164554622
   1 100232832405
   1 100267958672
  11 100344747322
   2 100363194151
   3 100372715526
   2 100372727129
   2 100446245676
   1 100478423299
   3 100677191671
   1 1006772744099149
   3 100697814063
   1 100842093239
   1 100849297810
   2 100950816819
   4 100960011952
   1 101031799617
   3 101072146724
   1 101129687288
   2 101189112496
   7 101296128771
   1 101304935448
   3 101383887890
   6 101441411841
   2 101535975693
   7 101553909854
   9 101562160976
   1 101572459242
   1 101611626319
   6 101697534791
   1 101755792425
   7 101779705764
   3 101797800752
   8 101884229966
   7 101891972800
   1 101893014341
   1 101903218494
   3 101911675918
   1 101963577425
   2 101969930026
   3 101982861080
   4 101992959209
   1 102076045148
   7 102224270973
   1 102269977857
   3 102292978727
   1 102308820739
   5 102352340549
   3 102393310351
  10 102488873481
   2 102571373470
   5 102577510729
   8 102634454531
   2 102636335609
   1 102655066525
   1 102655708909
   1 102656931729
   1 102659207114
   1 102661987826
   2 102783552775
   1 102805929959
   3 102861787884
   1 102903906375
   4 102972659752
   2 103237798969
  18 103245549485
   2 103282026923
   1 103356651109
   1 103394904470
   2 103395160116
   4 103429813472
   6 103558732328
   1 103612159755
   8 103883943715
   2 103899230334
   2 103999858587
   1 104040988760
   2 104064046248
   1 104161579092
   1 1041958898509811
   1 104216786117
   2 104253835871
  12 104423231197
   9 104477515652
   3 104486992979
   5 104599996887
   2 104645542169
   2 104650854062
   5 104656167598
   3 104697185048
   2 104771703657
   5 104804634394
   1 104876420344
   1 104941866460
   1 105000804292
   2 105009379464
   1 105016430366
   1 105019439626
   2 105143767738
   1 105149774291
   1 105174699533
   1 105179092017
   1 105262120232
   2 105305522317
   2 105325752570
   6 105329887107
   1 105346235690
   1 105381256587
   2 105441486812
   2 105516809810
   1 105576358268
   2 105636480961
   2 105693788485
   2 105792541276
   2 1059566009463320
   1 105975830223
   1 105984963989
   1 106001773091
   2 106005163185
   1 106056671938
   2 106072449839
   3 106082771817
   1 106095217290
   1 106097527823
   3 106103804005
   1 106124342748
   6 106125321707
   4 106176149972
   1 106210259017
   2 106275915625
   1 106353395547
   4 106391690323
   3 106393911206
   2 106577101519
   3 106640863318
  13 106768784898
   2 106813259819
   8 106814444974
   1 106917861718
   5 107703302155
   1 1077154987384108
   3 107743056849
   2 107751748939
   1 107775889633
   3 107921394922
   2 107955405820
   1 107969468449
   1 108065217731
   1 108311557947
   2 108319056992
  10 108431829391
   1 108614741306
   2 108942227245
   1 109013163187
   1 109108481891
   2 109402125224
   3 109543026971
   2 109562654777
   4 109639635068
   1 109667275850
   2 109700076506
   1 109777130742
   6 109861153461
   1 109910690010
  13 110015378154
   1 110063900074
   2 110077651488
   1 110214333378
   2 110306057510
   1 110312404395
   1 1103533243370475
   7 110477556879
   1 110623470625
   4 110670831978
   3 110688143251
   2 110815209007
   8 110871284996
   5 111271427520
   2 111336266640
   3 111404352425
   3 111412067365
   2 111424174425
   1 111468182397
   1 111474313693
   3 111495551255
   5 111522809174
   1 111528046239
   1 111579741120
  14 111606392207
   1 111643569192
   3 1121103184930343
   1 1121106065107259
   4 1129927832245757
   2 1147542575266139
   1 11605447476
   4 118360737320046
   4 1200308555618859
   1 1209086145484637
   1 1244240774957864
   1 1253063101525883
   2 1253068084881460
   1 1261834242892078
   9 127198809564395
   1 1297017945466284
   2 1420176269781032
   2 144763878653084
   3 144773264454923
   3 14510610119
   2 1472970293521742
   3 1481787285178206
   1 1516970967839115
   2 1516972701915476
   2 1534562794474763
   1 1560916425968446
   3 1569721315243547
   1 1578493251164669
   2 1596091828798286
   1 1596109205279191
   2 1666448256671620
   2 1675299938375723
   1 1684042266190429
   3 1692866956507099
   3 1710493245384077
   1 1736829316380595
   1 1798439596996532
   1 1824804812888679
   3 1833626497985796
   6 1851232015096888
   1 1868805494542659
   3 188730415264104
   3 1904001597318635
   1 1983133319703324
   2 1991965532764515
   1 2044711050153203
   1 2044724628691709
   1 2071068154799059
   2 21380705461
   2 215147790736924
   1 2159037889388324
   1 2159064395028829
   1 2167866261767396
   4 2185473238776423
   5 2229397833910315
   1 2273443543255096
   3 2273444570609982
   2 22768209374
   1 22876247389
   1 2299770866768471
   1 2308594462896270
   1 2308599824794813
   4 2326191667161595
   1 2326200557505672
   1 2343801518304232
   1 23666405266
   6 2396570355514387
   1 2405341248096727
   2 241503011092443
   1 2440520725432301
   4 2449361020398487
   1 2484537622009581
   7 2484547142551564
   5 24883947010
   1 2519733264983662
   1 2554894668282711
   2 2563649332848044
   2 2607675155423288
   2 2625290057812589
   1 2651623006410472
  19 2678066511616012
   1 2695640035623076
   1 2748398537549180
   1 276693856559975
   2 2818777842200891
   1 285511626014199
   4 285515769723667
   2 2906755129676199
   2 2906756216269851
   1 2915508355346542
   2 294273295581735
   1 2950693979426099
   1 2959535605813863
   2 2994704593979796
   1 3021052912617140
   1 3021075602737581
   1 3029875630542632
   1 3056267038833283
   4 3073862791072676
   1 3091435810991320
   1 3091449228822619
   1 3100243974967451
   2 3100250037814567
   5 3117851468379411
   1 3117867995510366
   3 3154024262
   1 3179400533386636
   4 3179405324593047
   1 3179416891700171
   1 3205798937243812
   4 3232162327836051
   1 3241011473812397
   1 3258591021906875
   2 3258599150468023
   1 3267349505644892
  15 3284958644548142
   1 3302527888006996
   2 3346533096895484
   4 338275717887534
   1 338280626009879
   1 338305093746404
   2 3399326440111532
   1 3460857181505219
   2 3487269306251707
   2 3487277309757668
   1 3487280312105368
   6 3504868637280036
   4 3513628032509133
   3 3522486150892708
   1 3557653924293688
   2 3592830636276587
  10 3601589731331012
   1 3601622718751459
   1 364662159063918
   1 3654374761697630
   3 3689575437054808
   2 3698382536443556
   2 3707171481335747
   1 3821526187255971
   2 3821545182734781
   2 3821554081211124
   1 3900664305688935
   1 3909516063159645
   1 391055136001947
   1 391056182217870
   9 3927082710338407
   6 3944672503277204
   3 3944684133298012
   3 3962262499630062
   1 4006212752122203
   1 4015041983289304
   2 4041400115019651
   3 4050221001346440
   2 4058997663469780
   9 4067820608167972
   7 4067831295254551
   3 4076603528191547
   2 408642393474263
   1 4094212324209662
   1 4111770547920347
   2 4111799849327895
   5 4120599676855068
   4 4138216363145275
   2 4164573234208071
   1 4208569717888188
   2 4217341986475652
   2 4261333227024824
   1 4270091809333496
   1 4287700184606840
   3 4296537372891988
   2 4305297021080579
   1 4331710835071127
   2 435007205946510
   3 4358091355719086
   1 4366901703350356
   1 4375658008949431
   3 4437251950906324
   1 4472436587235373
   1 4492834863
   1 461423528393187
   1 470200864222219
   1 479041869856301
   3 50051173496
   1 50330727516
   9 50463162969
   1 505379953586355
   4 51044231889
   2 51782699001
   1 51981611902
   2 52261440678
   5 52305452936
   8 52464993381
   1 52471864095
   6 52556294966
   3 52590397297
   2 52617218702
   1 52636163760
   4 52844727471
   4 53369131000
   1 53508804119
   3 54119936425
   7 54172329120
   5 54251825472
   7 54278629747
   1 54280942465
   1 54639893023
   2 54865086402
   8 54906798506
   8 54920362003
   1 54943737439
   1 54979704886
   2 55009824125
   1 55651842931
   3 55760493155
   2 55785039275
   3 55787733891
  19 55979450230
   2 57347309059
   5 57524413635
   2 57607108914
   1 57607508637
   1 57702635687
   6 57833035660
   8 57836738284
   1 57885046483
   1 57898643499
   4 58054130027
   2 58274894115
   2 58417822128
   4 58483813254
   2 58516334061
   2 58544361854
   2 58546460081
   2 58574818593
   2 58582668618
   6 58590836959
   7 58607462923
  11 58622522882
   3 58627640290
   2 58634359034
   6 58680072067
   3 58734825979
   4 58781612611
   4 58800348561
   7 58881153813
   1 58893532218
   2 58905739697
   4 58929408076
   2 58936132667
   5 58997543807
   6 59054327754
  13 59118608713
   2 59120310131
   1 59136889387
   1 59192740882
   3 59236021525
   1 59243290950
   1 59245778093
  12 59400721675
   5 59470440973
   1 59522561409
   1 59538022133
   1 59600790156
   4 59611157920
   3 59619736004
   4 59631047999
   3 59698061638
   3 59753132229
   1 59784176751
   1 60003843504
   1 60096407384
   1 60193000284
   2 602186807514420
   1 60228094833
   2 60279307405
   5 60282990510
   8 60331148245
   4 60451067573
   4 60500012483
   1 60511103028
   1 60539559946
   3 60579555802
   3 60612082931
   4 60617373819
   2 60655602362
   1 60704844848
   4 60768837097
   1 60788475841
   4 60817921513
   8 60839852138
   1 60858284226
   3 61086888485
   2 61087009174
   1 610919920968237
   2 61135187832
   1 61183359760
   2 61235493008
   5 61275528964
   1 61332768080
   1 61360776362
   1 61493635565
   2 61515306812
   7 61565833606
   8 61626473408
   6 61738533254
   1 61741593014
   1 61829535352
   4 61854287150
   1 619751797425799
   5 619759962172189
   1 62068491120
   2 62100530690
   1 62184780422
   3 62201981038
   2 62206538547
   4 62241304201
   7 62297576606
   2 62456591021
   4 62461441049
   8 62468886683
   8 62496798488
   3 62546305642
   5 62556184957
   1 62574470075
   4 62651536819
   2 62653154341
   1 62692624087
   1 62737353492
   1 62738952215
   1 62788230915
   1 62849982187
   6 62954369725
   6 63047298307
   1 63165769102
   3 63259638916
   1 63435622254
  11 63470445021
   1 63475971778
   2 63557049741
   1 63675145400
   1 64014315224
   4 64104992627
   3 64321116955
   4 64369587598
   6 64542961531
   2 64797556961
   2 65202586874
   4 65303531659
   2 654939593377438
   1 65650647177
   3 66006188902
   3 66186899560
   1 66408364402
   1 66433202399
   2 66480527752
   1 66628938875
   1 66684157894
   2 66811291274
   1 67293654399
   1 67362538084
   3 67468400643
   9 67561261536
  21 67579558320
   4 67683083645
   2 67878743102
   1 67956606269
  12 68072752582
   2 68099215018
   1 681297182466126
   2 681312815155678
   1 68183963132
   1 68206739658
   1 68217215921
   1 68304013512
   3 68426451795
   1 68508423958
   4 68609151257
   2 68793469235
   8 68829699383
   4 690125444228414
   5 69460950608
   1 69499864736
  13 69970607492
   7 70246620492
   2 70357989496
   2 70367893673
   7 707715471772523
   3 70808046388
   1 70818219258
   2 70963819888
   3 71041061612
   1 71113718563
   2 71191386666
   4 71465899003
   2 71487690524
   2 71496595958
   2 71582055431
   1 71584849717
   1 71709751056
   2 71893114419
   7 72030288225
   3 72051219546
   2 72118075689
   1 72480084939
   4 72510552987
   5 725299924315660
   1 72626469243
   1 72645512695
   7 72818660732
   7 73152635332
  13 73315244703
   2 73681434975
   3 73712010674
   1 73776040282
   2 73978701910
   1 74390844487223
   1 74487915658
   1 74580815885
   3 74653822108
   2 75370233711
   1 75374262482
  43 75467818198
   4 75615339494
   5 75749207082
   1 75776777832
   1 75824789004
   2 760497065441243
   8 76424204707
   1 76472461720
   1 76620644411
   4 76701383307
   6 76938744118
   1 77100967507
   9 77374802853
   1 77711661532
   4 78355412395
   1 78926598616
   3 79158843120
   4 79772807177
   1 79968482801
  14 80067795797
   2 8031216229
   5 80357587232
   3 80579189991
   5 80611165938
   1 80712240296
   2 81333647436
   1 81411314925
   9 81793710243
  23 82123556339
   2 82398999697
   1 82480311983
   3 8297437572
   1 83005693451
   1 830864726436535
   1 83150231873
   1 83163486623229
   5 83268382282
   1 83307044560
   4 83337580201
   3 83357987291
   1 83583657300
   5 83786015662
   1 83802847932
   1 83964575017
   4 84242984982
   3 84328499212
   8 84336586675
   1 84387694475
   3 84494473311
   6 84693632291
   6 84721261252
   4 84754212156
   4 84931730372
   2 84949220399
   4 85508717453
   1 85616683987
   2 85682025445
   1 857249372202020
   1 86160063364
   1 86409921589
   1 866039565124157
   1 86681800528
   5 86922382017
   1 87035497119
   1 87159186159
   7 87269012777
   1 87868466791
   3 87894201648
   1 88014069621
   4 88036727822
   1 88104951552
   1 88157229883
   7 88266007883
  12 88333521773
   7 88612128188
   1 88814318008
   7 89029349401
   5 89323780880
   1 89835017856
   2 89847027790
   1 89852104754
   1 89852523288
   5 89877855591
   5 89923470088
   1 90125516047
  13 9169103388
  17 91712027184
   2 91931984198
   1 92044390759
   6 92440704622
   5 92454600434
   4 92475785926
   1 92499915478
   2 92500348946
   6 92543763379
   3 92628529822
  10 92705123218
   1 92963656273
   2 92964150986
   9 92975734275
   1 93055224709
   1 93069201719
   1 93126187430
   2 93153730333
   4 93189025747
   1 93245911153
   2 93350075505
   4 93427976162
   1 93558725980
   5 93586147420
   1 93589839398
   1 93661636185
   3 93683251184
   2 93763081366
   8 93907848898
   1 94106225389
   2 94180888813
   2 94181398880
   1 94193823246
   3 94244050921
   1 94271185161
   1 94315761883
   3 94338832959
   1 94382353707
   6 94414812878
   1 945170761391507
   2 94606781039
  12 94793587243
   2 95035620452
   1 95327678426
   1 95342627380
   5 95378569762
   2 95418380946
   2 95488345116
   6 95547393743
   4 95617266032
   1 95706780068
   1 95763480803
   8 95767306217
   3 95822221140
   5 95879187718
  12 95932755832
  10 95986186640
   1 96008052602
   1 96031960153
   3 96049522643
   3 96092971703
   2 96167685595
   7 96237199469
   3 96248873533
   1 96346418300
   1 96352739027
  36 96396015776
   9 96501928655
   6 96551087602
   1 96562198208
  10 96573233062
   2 96772914249
   1 96802011590
   3 96826023967
   5 96826063380
   3 96833063482
  18 96838367775
   2 96840121160
  15 97125778416
   2 97189077032
   1 97227664973
   1 97259499971
   2 97261479696
   5 97351543188
   1 97633566192
   3 97723183514
   5 97823402354
   2 97843621277
  10 97867615298
   2 97882171875
   1 97970254508
   5 97972920184
   1 98006573801
   1 980379058571603
   3 98187566200
   1 98275135193
   2 98397562593
   2 98416564120
  10 98473514242
   4 98495270578
   1 98689904297
  10 98699249091
   2 98800531285
   5 989185132727251
   5 98944355483
   1 98965397134
   1 99054322224
   1 99070823079
   1 99213404328
   3 99311011936
   2 99311344429
  10 99433855415
   3 99584499779
   1 99586325306
  42 99588156802
   1 99592663631
   1 99621090391
   1 99636153473
   2 99638772747
   7 99665576303
   1 99689817349
   2 99704773009
   1 99720064740
   5 99740735126
  12 99832387613
   8 99885672009
