   3 100344747322
   1 1006772744099149
   1 100697814063
   6 100700500107
   1 100719765589
   1 100960011952
   1 101031799617
   2 101611626319
   1 101755792425
   3 101797800752
   1 101884229966
   1 101900540213
   2 101963577425
   2 101982861080
   6 102222704740
   1 102224270973
   1 102352340549
   5 102620499997
  11 102636335609
   4 102648806253
   1 102655066525
   3 102656931729
   2 102659207114
  12 102661987826
   3 102744294192
   3 102861787884
   3 102866849191
   1 102903906375
   2 102972659752
   1 103245549485
   2 103282026923
   1 103429813472
   1 103558732328
   1 103616059360
   1 103883943715
   2 103899230334
   1 103933847846
   2 103999858587
   1 1041963870850596
   1 104423231197
   5 104477515652
   2 104599996887
   8 104645542169
   2 104805138251
   1 105009379464
   1 105134882568
   1 105143767738
   1 105179092017
   2 105329887107
   1 105346235690
   6 105381256587
   1 105636480961
   1 105792541276
   1 1059566009463320
   1 105975830223
   2 106005163185
   1 106082771817
   2 106097527823
   1 106124342748
   1 106125321707
   3 106176149972
   1 106214541291
   2 106387174770
   3 106416433827
   2 106530967108
   1 106640863318
   2 106768784898
   1 106814444974
   3 106917861718
   1 107703302155
   5 107743056849
   1 107921394922
   1 108065217731
   1 108311557947
   2 108656248227
   1 108784137273
   1 109013163187
   5 109178348574
   1 109257911480
   1 109642315204
   1 109667275850
   1 109723023446
   1 109825474494
   1 109861153461
   2 110015378154
   1 110521337126
   3 110688143251
   1 110736460231
   3 110815209007
   1 110822749768
   1 111404352425
   6 111424174425
   1 111606392207
   1 111643569192
   1 1121103184930343
   3 1121106065107259
   1 1129927832245757
   4 1147534710421667
   1 118341766223480
   2 118360737320046
   1 1244240774957864
   1 127198809564395
   1 1402582377957076
   2 14510610119
   2 1481787285178206
   2 1516972701915476
   1 1534562794474763
   1 1692866956507099
   1 1736829316380595
   1 1824804812888679
   2 1833626497985796
   1 1983133319703324
   1 1991965532764515
   1 2018305653869565
   2 206300930381939
   2 2229397833910315
   2 2273444570609982
   4 2299770866768471
   1 2308594462896270
   4 2326200557505672
   1 2370139483275268
   1 2449361020398487
   5 2484547142551564
   5 2625290057812589
   3 2678066511616012
   2 285515769723667
   4 3082670275832412
   1 3091435810991320
   1 3117851468379411
   1 3179400533386636
   2 3258591021906875
   1 3258599150468023
   3 3284958644548142
   1 338275717887534
   8 338280626009879
   5 3460857181505219
   1 3487269306251707
   1 3557653924293688
   3 3592830636276587
   1 3601592870765559
   1 3610435394477476
   1 3689571198700715
   1 3689575437054808
  10 373481706101223
   1 3742327650132275
   2 391055136001947
   1 3927082710338407
   1 3944672503277204
   2 3944684133298012
   5 3962262499630062
   3 4067831295254551
   1 4076592639251684
   2 4111770547920347
   1 4120599676855068
   1 4164573234208071
   1 417410374439501
   2 4261333227024824
   1 4270091809333496
   1 4287700184606840
   1 4296537372891988
   1 4331710835071127
   1 4358091355719086
   1 4454853227062440
   2 4492834863
   1 461423528393187
   1 479010523449660
   2 50330727516
   1 50463162969
   1 51044231889
   7 52305452936
   2 52471864095
   1 52636163760
   2 52844727471
   9 53304917615
   3 54172329120
   2 54251825472
   1 54278629747
   1 54280942465
   1 54865086402
   1 54920362003
  22 55071566801
   1 55651842931
   2 55760493155
   1 55979450230
   1 57524413635
   1 57607508637
   3 57833035660
   1 57898643499
   1 58054130027
   2 58062943442
   1 58483813254
   1 58516334061
   3 58590836959
   1 58634359034
   1 58651677044
   2 58680072067
   1 58800348561
   1 58870645485
   1 58905739697
   1 58997543807
   1 59081696834
   1 59118608713
   2 59236021525
   2 59243290950
   2 59245778093
   3 59400721675
   1 59426898565
   1 59470440973
  11 59538022133
   2 59574123205
   4 59611157920
   1 602186807514420
   2 60228094833
   5 60483067677
   2 60520525136
   1 60589272995
   3 60655602362
   1 60817921513
   2 60839852138
   1 61087009174
   2 61135187832
   1 61241763798
   3 61275528964
   1 61626473408
   3 61738533254
   1 61923224897
   2 619759962172189
   1 62019499885
   1 62068491120
   8 62100530690
   1 62184780422
   1 62456591021
   2 62461441049
   2 62468886683
   1 62474953143
   2 62496798488
   1 62546305642
   1 62574470075
   1 62738952215
   2 62849982187
   1 62858477362
   1 62905899407
   1 62954369725
   1 63047298307
   5 63470445021
   1 63475971778
   1 63583881528
   1 63902021761
   2 64104992627
   1 64321116955
   2 64322431843
   2 64402893651
   1 64797556961
   1 65303531659
   1 66186899560
   1 66433202399
   1 66480527752
   2 66811291274
  11 67293654399
   2 67579558320
   3 67683083645
   1 67725586115
   1 67878743102
   3 68072752582
   1 681297182466126
   1 68426451795
   2 68508423958
   1 68793469235
   3 68829699383
   2 690125444228414
   2 69460950608
   7 69613490680
   1 69948471553
   1 69970607492
   1 70274958656
   2 70357989496
   1 70412434065
   3 707715471772523
   1 71041061612
   2 71465899003
   1 71487690524
  13 71912868448
   1 72030288225
   1 72051219546
   1 72203087986
   2 72480084939
   1 72510552987
   1 725299924315660
   1 72688584721
   4 72818660732
   1 73152635332
   1 73315244703
   1 73445055896
   1 73712010674
   2 73978701910
   2 74653822108
   3 76010242520
  10 76059227696
   5 76424204707
   2 76472461720
   1 76701383307
   1 76938744118
   1 77374802853
   3 77711661532
   9 79135969210
   1 79158843120
   2 79772807177
   2 80067795797
   1 80357587232
   4 80364462611
   2 80611165938
   1 81933945951
  11 81939158402
   1 82398999697
   1 83307044560
   2 83786015662
   1 83937474719
   1 83964575017
   1 84276411433
   1 84336586675
   1 84494473311
   3 84693632291
   1 84754212156
   1 85614587775
   1 86409921589
   2 866039565124157
   1 86681800528
   1 87035497119
   1 87389911655
   1 87727434449
   1 88128383705
   4 88333521773
   3 89323780880
   3 89852523288
   1 89923470088
   1 91657875889
   1 9169103388
   3 91712027184
   1 92440704622
   3 92454600434
   1 92628529822
   1 92964150986
   2 93069201719
   2 93189025747
   1 93427976162
   1 93558725980
   1 93907848898
   1 94106225389
   1 94193823246
   1 94196387267
   3 94244050921
   1 94271185161
   2 94382353707
   1 94793587243
   1 95418380946
   1 95436620600
   1 95547393743
   1 95742923227
   1 95822221140
   1 95879187718
   1 95932755832
   1 95986186640
   2 96031960153
   1 96092971703
   1 96237199469
   1 96396015776
   6 96501928655
   1 96698670855
   1 96772914249
   3 96826023967
   1 96826063380
   2 96833063482
   1 96926963506
   1 97125778416
   5 97259499971
   2 97261479696
   1 97301543384
   1 97723183514
   1 97823402354
   2 97867615298
   1 97882171875
   1 97970254508
   2 98473514242
   1 98495270578
   1 98699249091
   2 98800531285
   1 989185132727251
   1 99586325306
   1 99588156802
   1 99592663631
   1 99621090391
   1 99638772747
   2 99665576303
   1 99689817349
